-----------------------------------------------------
-----------------------------------------------------
Test file: src/RecursionTestMain

NOTES: The first test run of the quick sort, the array
size varies from 20000 to 12000000 with integral about
600000. For array size 20000 there are some cases when
the running time is less than 1ms. The flat range seems
to be from 130 to 230 of recursion limit.
-----------------------------------------------------

Array size is 20000
2, 125
4, 16
6, 0
8, 15
10, 16
12, 0
14, 16
16, 0
18, 0
20, 15
22, 16
24, 0
26, 0
28, 15
30, 0
32, 0
34, 16
36, 0
38, 0
40, 0
42, 16
44, 0
46, 0
48, 0
50, 0
52, 15
54, 0
56, 0
58, 0
60, 16
62,	0
64,	0
66,	0
68,	15
70,	0
72,	0
74,	0
76,	0
78,	16
80,	0
82,	0
84,	0
86,	16
88,	0
90,	0
92,	0
94,	0
96,	15
98,	0
100, 0
102, 0
104, 0
106, 16
108, 0
110, 0
112, 0
114, 0
116, 0
118, 16
120, 0
122, 0
124, 0
126, 0
128, 0
130, 15
132, 0
134, 0
136, 0
138, 16
140, 15
142, 16
144, 0
146, 0
148, 0
150, 0
152, 0
154, 15
156, 0
158, 0
160, 0
162, 0
164, 0
166, 0
168, 0
170, 16
172, 0
174, 0
176, 0
178, 15
180, 0
182, 0
184, 16
186	0
188	0
190	0
192	15
194	0
196	0
198	0
200	0
202	16
204	0
206	0
208	0
210	0
212	16
214	0
216	0
218	0
220	15
222	0
224	0
226	0
228	16
230	0
232	0
234	0
236	0
238	0
240	0
242	0
244	0
246	0
248	0
250	15
252	0
254	0
256	16
258	0
260	0
262	0
264	0
266	15
268	0
270	0
272	0
274	0
276	16
278	0
280	0
282	0
284	0
286	16
288	0
290	0
292	0
294	0
296	15
298	0
300	0
2	797
4	31
6	47
8	31
10	47
12	31
14	47
16	47
18	47
20	32
22	32
24	48
26	31
28	47
30	47
32	31
34	47
36	33
38	47
40	31
42	47
44	31
46	47
48	33
50	46
52	47
54	32
56	47
58	32
60	47
62	31
64	47
66	31
68	47
70	47
72	31
74	47
76	47
78	31
80	63
82	47
84	46
86	47
88	32
90	46
92	32
94	47
96	31
98	47
100	47
102	31
104	47
106	46
108	47
110	31
112	49
114	31
116	32
118	46
120	47
122	33
124	47
126	47
128	31
130	47
132	31
134	47
136	31
138	47
140	31
142	49
144	32
146	46
148	47
150	32
152	32
154	47
156	47
158	31
160	47
162	31
164	47
166	31
168	47
170	47
172	31
174	47
176	31
178	47
180	49
182	32
184	46
186	44
188	38
190	44
192	44
194	42
196	41
198	39
200	44
202	42
204	43
206	41
208	40
210	41
212	43
214	44
216	41
218	39
220	41
222	46
224	46
226	42
228	40
230	42
232	42
234	32
236	46
238	32
240	46
242	32
244	47
246	48
248	31
250	47
252	31
254	47
256	33
258	47
260	46
262	32
264	46
266	32
268	48
270	32
272	46
274	47
276	47
278	33
280	47
282	46
284	47
286	32
288	46
290	32
292	47
294	46
296	27
298	47
300	62
2	846
4	109
6	141
8	109
10	125
12	111
14	109
16	111
18	109
20	110
22	109
24	125
26	109
28	110
30	109
32	110
34	109
36	125
38	111
40	110
42	110
44	125
46	109
48	109
50	110
52	125
54	109
56	110
58	109
60	109
62	111
64	109
66	127
68	109
70	109
72	112
74	109
76	111
78	124
80	110
82	109
84	110
86	110
88	110
90	126
92	109
94	110
96	109
98	109
100	110
102	109
104	125
106	109
108	110
110	111
112	109
114	111
116	125
118	109
120	110
122	109
124	109
126	110
128	125
130	109
132	109
134	111
136	110
138	110
140	110
142	125
144	109
146	109
148	110
150	109
152	111
154	126
156	110
158	111
160	115
162	111
164	109
166	109
168	110
170	125
172	109
174	112
176	109
178	111
180	109
182	126
184	110
186	111
188	109
190	109
192	110
194	125
196	109
198	109
200	110
202	109
204	109
206	125
208	111
210	118
212	116
214	116
216	115
218	115
220	114
222	115
224	115
226	114
228	109
230	111
232	109
234	111
236	109
238	114
240	125
242	109
244	122
246	110
248	110
250	125
252	110
254	110
256	110
258	110
260	110
262	109
264	125
266	110
268	109
270	109
272	110
274	109
276	125
278	109
280	111
282	111
284	109
286	110
288	109
290	125
292	109
294	110
296	109
298	109
300	110
2	1065
4	203
6	205
8	203
10	204
12	199
14	203
16	203
18	203
20	204
22	205
24	203
26	203
28	187
30	203
32	203
34	205
36	205
38	203
40	203
42	203
44	187
46	204
48	204
50	205
52	187
54	203
56	203
58	203
60	203
62	200
64	205
66	203
68	203
70	203
72	205
74	190
76	204
78	204
80	203
82	203
84	203
86	203
88	189
90	217
92	187
94	203
96	203
98	203
100	204
102	201
104	205
106	203
108	187
110	203
112	201
114	206
116	204
118	203
120	203
122	203
124	188
126	203
128	203
130	203
132	187
134	203
136	206
138	219
140	187
142	213
144	205
146	203
148	203
150	203
152	187
154	203
156	205
158	205
160	203
162	204
164	189
166	203
168	203
170	203
172	203
174	203
176	204
178	203
180	192
182	206
184	205
186	203
188	187
190	203
192	203
194	203
196	203
198	203
200	188
202	203
204	205
206	204
208	203
210	193
212	205
214	205
216	218
218	222
220	204
222	235
224	218
226	219
228	203
230	219
232	280
234	252
236	237
238	226
240	239
242	227
244	223
246	206
248	204
250	219
252	187
254	219
256	203
258	205
260	190
262	204
264	204
266	203
268	203
270	203
272	187
274	219
276	187
278	203
280	203
282	206
284	203
286	199
288	204
290	219
292	203
294	219
296	218
298	203
300	219
2	1618
4	296
6	297
8	284
10	297
12	297
14	281
16	299
18	298
20	296
22	282
24	296
26	329
28	312
30	312
32	297
34	297
36	296
38	297
40	297
42	299
44	315
46	309
48	383
50	376
52	391
54	390
56	452
58	406
60	313
62	297
64	296
66	313
68	281
70	297
72	297
74	296
76	297
78	313
80	296
82	282
84	296
86	293
88	297
90	297
92	296
94	282
96	296
98	299
100	298
102	312
104	297
106	313
108	453
110	343
112	315
114	313
116	312
118	323
120	315
122	462
124	390
126	297
128	315
130	313
132	297
134	297
136	298
138	298
140	300
142	299
144	283
146	314
148	298
150	297
152	296
154	297
156	297
158	297
160	294
162	282
164	297
166	297
168	297
170	297
172	281
174	296
176	300
178	297
180	297
182	281
184	297
186	291
188	297
190	297
192	297
194	295
196	300
198	284
200	298
202	297
204	296
206	297
208	300
210	298
212	297
214	281
216	297
218	297
220	297
222	299
224	297
226	297
228	291
230	298
232	297
234	297
236	281
238	297
240	309
242	297
244	284
246	297
248	296
250	297
252	297
254	293
256	306
258	283
260	297
262	298
264	298
266	297
268	281
270	297
272	297
274	297
276	284
278	297
280	297
282	296
284	299
286	282
288	297
290	297
292	297
294	297
296	298
298	282
300	297
2	1866
4	406
6	406
8	429
10	408
12	417
14	424
16	408
18	406
20	423
22	422
24	418
26	406
28	409
30	421
32	407
34	409
36	421
38	408
40	407
42	422
44	406
46	422
48	406
50	409
52	422
54	406
56	418
58	406
60	421
62	407
64	417
66	406
68	422
70	406
72	421
74	409
76	406
78	406
80	422
82	402
84	422
86	421
88	403
90	421
92	406
94	422
96	418
98	418
100	401
102	423
104	406
106	418
108	423
110	408
112	410
114	406
116	422
118	406
120	406
122	425
124	406
126	406
128	422
130	406
132	422
134	406
136	417
138	407
140	421
142	406
144	407
146	424
148	406
150	406
152	422
154	401
156	422
158	406
160	417
162	407
164	422
166	414
168	418
170	419
172	402
174	422
176	406
178	406
180	418
182	406
184	423
186	410
188	407
190	421
192	407
194	421
196	409
198	406
200	422
202	401
204	422
206	406
208	422
210	407
212	406
214	422
216	406
218	406
220	425
222	406
224	406
226	417
228	422
230	406
232	422
234	402
236	422
238	406
240	429
242	419
244	411
246	406
248	422
250	402
252	422
254	406
256	422
258	403
260	423
262	407
264	406
266	409
268	422
270	406
272	424
274	406
276	406
278	422
280	406
282	409
284	406
286	422
288	406
290	406
292	425
294	405
296	422
298	406
300	412
2	2309
4	499
6	496
8	485
10	500
12	486
14	485
16	499
18	496
20	484
22	500
24	487
26	500
28	484
30	500
32	500
34	485
36	500
38	488
40	487
42	500
44	484
46	500
48	484
50	503
52	484
54	500
56	500
58	541
60	492
62	503
64	499
66	487
68	487
70	500
72	496
74	485
76	499
78	496
80	484
82	500
84	485
86	502
88	484
90	496
92	500
94	484
96	503
98	486
100	485
102	500
104	485
106	499
108	487
110	500
112	495
114	484
116	500
118	495
120	485
122	500
124	503
126	499
128	481
130	500
132	484
134	500
136	500
138	494
140	486
142	500
144	484
146	500
148	487
150	484
152	495
154	500
156	496
158	490
160	488
162	502
164	485
166	500
168	499
170	487
172	500
174	480
176	500
178	496
180	487
182	500
184	499
186	501
188	488
190	500
192	484
194	495
196	500
198	484
200	496
202	500
204	484
206	500
208	485
210	486
212	496
214	500
216	486
218	503
220	487
222	489
224	500
226	484
228	500
230	484
232	502
234	495
236	484
238	503
240	502
242	486
244	487
246	523
248	500
250	500
252	486
254	495
256	501
258	484
260	502
262	486
264	499
266	500
268	485
270	502
272	484
274	495
276	500
278	484
280	500
282	481
284	499
286	500
288	486
290	501
292	485
294	499
296	485
298	504
300	485
2	2703
4	604
6	609
8	596
10	637
12	609
14	609
16	594
18	612
20	609
22	609
24	594
26	619
28	595
30	610
32	609
34	612
36	603
38	601
40	610
42	612
44	612
46	615
48	614
50	603
52	609
54	609
56	594
58	612
60	605
62	609
64	609
66	596
68	609
70	605
72	609
74	607
76	614
78	594
80	609
82	609
84	596
86	609
88	670
90	699
92	629
94	611
96	613
98	606
100	611
102	604
104	594
106	611
108	610
110	603
112	611
114	609
116	609
118	596
120	609
122	610
124	609
126	609
128	605
130	609
132	594
134	612
136	600
138	623
140	599
142	610
144	617
146	615
148	609
150	594
152	611
154	611
156	593
158	609
160	608
162	609
164	609
166	594
168	607
170	609
172	609
174	609
176	604
178	611
180	593
182	610
184	611
186	610
188	609
190	605
192	609
194	613
196	613
198	597
200	622
202	608
204	609
206	610
208	613
210	610
212	594
214	609
216	612
218	593
220	610
222	609
224	609
226	605
228	609
230	594
232	615
234	599
236	610
238	609
240	612
242	603
244	626
246	600
248	609
250	725
252	673
254	613
256	612
258	596
260	610
262	609
264	597
266	636
268	609
270	609
272	596
274	626
276	595
278	609
280	652
282	610
284	621
286	609
288	596
290	609
292	710
294	716
296	638
298	624
300	609
2	3091
4	737
6	721
8	722
10	720
12	737
14	720
16	719
18	720
20	726
22	740
24	726
26	737
28	732
30	724
32	712
34	719
36	721
38	734
40	714
42	722
44	720
46	731
48	718
50	721
52	719
54	730
56	718
58	722
60	719
62	721
64	734
66	719
68	727
70	745
72	781
74	717
76	734
78	719
80	718
82	715
84	718
86	722
88	718
90	734
92	722
94	718
96	715
98	718
100	719
102	732
104	719
106	730
108	718
110	740
112	722
114	720
116	720
118	720
120	719
122	721
124	718
126	735
128	714
130	715
132	738
134	747
136	793
138	734
140	721
142	729
144	717
146	722
148	734
150	723
152	732
154	714
156	732
158	715
160	719
162	721
164	734
166	719
168	721
170	719
172	714
174	719
176	721
178	734
180	722
182	718
184	730
186	721
188	724
190	720
192	739
194	727
196	719
198	721
200	730
202	719
204	718
206	721
208	763
210	762
212	780
214	751
216	792
218	721
220	754
222	780
224	780
226	768
228	768
230	723
232	726
234	730
236	710
238	731
240	707
242	734
244	719
246	705
248	722
250	718
252	719
254	730
256	719
258	718
260	767
262	744
264	738
266	786
268	759
270	774
272	806
274	783
276	751
278	764
280	749
282	715
284	720
286	720
288	720
290	719
292	713
294	722
296	718
298	721
300	734
2	3484
4	812
6	837
8	810
10	834
12	813
14	814
16	814
18	827
20	815
22	813
24	823
26	814
28	829
30	812
32	828
34	816
36	818
38	816
40	834
42	838
44	828
46	830
48	812
50	811
52	831
54	834
56	815
58	901
60	838
62	843
64	849
66	806
68	833
70	815
72	855
74	858
76	866
78	848
80	857
82	848
84	872
86	866
88	893
90	860
92	1375
94	1058
96	971
98	905
100	843
102	910
104	824
106	851
108	862
110	835
112	832
114	820
116	816
118	812
120	834
122	815
124	813
126	830
128	825
130	845
132	835
134	814
136	828
138	830
140	824
142	843
144	824
146	822
148	831
150	821
152	823
154	843
156	824
158	828
160	813
162	815
164	827
166	828
168	822
170	814
172	815
174	828
176	822
178	815
180	830
182	817
184	839
186	823
188	826
190	814
192	812
194	831
196	812
198	832
200	812
202	820
204	828
206	816
208	828
210	815
212	808
214	828
216	836
218	815
220	834
222	816
224	828
226	823
228	812
230	824
232	828
234	812
236	830
238	808
240	828
242	816
244	831
246	812
248	813
250	826
252	815
254	831
256	827
258	815
260	828
262	812
264	826
266	816
268	816
270	828
272	812
274	826
276	812
278	824
280	819
282	812
284	830
286	810
288	828
290	822
292	822
294	827
296	811
298	823
300	828
2	4017
4	1016
6	995
8	1018
10	1000
12	1048
14	1016
16	1019
18	1020
20	1010
22	1000
24	1020
26	1003
28	999
30	1018
32	1011
34	1015
36	1014
38	1003
40	1000
42	1013
44	1015
46	997
48	1030
50	1005
52	1006
54	1000
56	1018
58	1000
60	1018
62	1000
64	1015
66	996
68	1015
70	1003
72	1021
74	1011
76	1013
78	1007
80	1018
82	1000
84	1011
86	1006
88	1015
90	1002
92	1011
94	1015
96	1017
98	1000
100	1018
102	1008
104	1017
106	1013
108	1021
110	1003
112	1010
114	1057
116	1067
118	1031
120	1018
122	1077
124	1019
126	1015
128	1002
130	1011
132	1014
134	1018
136	1027
138	1008
140	1011
142	1000
144	1006
146	1016
148	1002
150	1012
152	1021
154	1026
156	1004
158	1017
160	1003
162	1018
164	1004
166	1023
168	1007
170	995
172	1014
174	1003
176	1015
178	1003
180	1011
182	1000
184	1002
186	1000
188	1018
190	995
192	1011
194	1015
196	1002
198	1016
200	996
202	1015
204	1004
206	1002
208	1015
210	997
212	1020
214	998
216	1000
218	1017
220	1000
222	1000
224	1012
226	1025
228	1098
230	1037
232	1049
234	1063
236	1174
238	1016
240	1125
242	1104
244	1065
246	1001
248	1012
250	1019
252	1037
254	1054
256	1023
258	1015
260	1003
262	1011
264	1022
266	999
268	1009
270	1015
272	1003
274	1003
276	1018
278	995
280	1018
282	1011
284	1023
286	998
288	1011
290	1015
292	1000
294	1015
296	1000
298	1015
300	995
2	4397
4	1115
6	1121
8	1111
10	1110
12	1112
14	1113
16	1124
18	1107
20	1109
22	1126
24	1110
26	1111
28	1125
30	1106
32	1134
34	1113
36	1120
38	1124
40	1106
42	1112
44	1125
46	1112
48	1112
50	1124
52	1112
54	1120
56	1121
58	1131
60	1125
62	1112
64	1109
66	1113
68	1124
70	1116
72	1104
74	1111
76	1121
78	1126
80	1106
82	1109
84	1120
86	1129
88	1112
90	1115
92	1129
94	1110
96	1128
98	1109
100	1109
102	1120
104	1109
106	1112
108	1120
110	1119
112	1119
114	1116
116	1109
118	1119
120	1113
122	1112
124	1109
126	1107
128	1119
130	1132
132	1109
134	1108
136	1125
138	1105
140	1143
142	1209
144	1136
146	1119
148	1113
150	1125
152	1108
154	1109
156	1112
158	1125
160	1111
162	1120
164	1119
166	1133
168	1115
170	1111
172	1110
174	1104
176	1125
178	1117
180	1109
182	1110
184	1116
186	1110
188	1112
190	1121
192	1129
194	1126
196	1107
198	1120
200	1112
202	1144
204	1112
206	1120
208	1110
210	1112
212	1109
214	1123
216	1109
218	1105
220	1134
222	1110
224	1109
226	1125
228	1120
230	1109
232	1107
234	1109
236	1124
238	1134
240	1109
242	1133
244	1110
246	1133
248	1123
250	1106
252	1125
254	1105
256	1125
258	1112
260	1109
262	1109
264	1122
266	1110
268	1119
270	1112
272	1128
274	1124
276	1126
278	1113
280	1112
282	1112
284	1109
286	1121
288	1110
290	1128
292	1112
294	1112
296	1122
298	1114
300	1131
2	4775
4	1158
6	1168
8	1156
10	1159
12	1171
14	1166
16	1167
18	1159
20	1188
22	1158
24	1157
26	1169
28	1157
30	1175
32	1151
34	1174
36	1157
38	1172
40	1170
42	1152
44	1178
46	1170
48	1167
50	1156
52	1166
54	1173
56	1159
58	1156
60	1172
62	1151
64	1172
66	1165
68	1156
70	1176
72	1169
74	1159
76	1172
78	1200
80	1235
82	1201
84	1171
86	1173
88	1173
90	1158
92	1167
94	1156
96	1180
98	1155
100	1165
102	1175
104	1159
106	1171
108	1159
110	1156
112	1166
114	1157
116	1174
118	1152
120	1171
122	1189
124	1162
126	1158
128	1167
130	1175
132	1159
134	1151
136	1174
138	1167
140	1163
142	1171
144	1154
146	1172
148	1175
150	1157
152	1167
154	1171
156	1173
158	1175
160	1171
162	1159
164	1167
166	1156
168	1170
170	1156
172	1181
174	1173
176	1156
178	1174
180	1156
182	1167
184	1159
186	1154
188	1171
190	1157
192	1173
194	1154
196	1172
198	1153
200	1188
202	1159
204	1175
206	1159
208	1159
210	1156
212	1170
214	1156
216	1170
218	1156
220	1165
222	1156
224	1276
226	1225
228	1160
230	1175
232	1159
234	1159
236	1171
238	1154
240	1167
242	1181
244	1183
246	1159
248	1156
250	1179
252	1156
254	1166
256	1156
258	1167
260	1172
262	1159
264	1156
266	1167
268	1156
270	1158
272	1166
274	1161
276	1187
278	1167
280	1159
282	1172
284	1151
286	1171
288	1167
290	1158
292	1159
294	1171
296	1159
298	1163
300	1161
2	5244
4	1327
6	1315
8	1312
10	1324
12	1314
14	1308
16	1323
18	1341
20	1313
22	1331
24	1312
26	1313
28	1311
30	1328
32	1315
34	1323
36	1323
38	1309
40	1331
42	1316
44	1323
46	1315
48	1323
50	1316
52	1330
54	1315
56	1312
58	1324
60	1325
62	1313
64	1342
66	1317
68	1331
70	1315
72	1315
74	1323
76	1310
78	1316
80	1330
82	1319
84	1319
86	1341
88	1309
90	1326
92	1333
94	1327
96	1316
98	1314
100	1313
102	1322
104	1324
106	1315
108	1325
110	1333
112	1318
114	1312
116	1315
118	1319
120	1323
122	1315
124	1325
126	1317
128	1312
130	1330
132	1333
134	1304
136	1330
138	1313
140	1324
142	1314
144	1315
146	1328
148	1307
150	1367
152	1393
154	1367
156	1318
158	1316
160	1315
162	1312
164	1321
166	1315
168	1316
170	1329
172	1311
174	1318
176	1334
178	1312
180	1335
182	1312
184	1315
186	1324
188	1312
190	1330
192	1315
194	1308
196	1324
198	1315
200	1332
202	1311
204	1331
206	1312
208	1326
210	1310
212	1330
214	1324
216	1321
218	1308
220	1315
222	1322
224	1313
226	1323
228	1315
230	1312
232	1323
234	1375
236	1440
238	1369
240	1385
242	1340
244	1328
246	1321
248	1312
250	1331
252	1312
254	1323
256	1314
258	1396
260	1312
262	1332
264	1321
266	1315
268	1328
270	1326
272	1314
274	1328
276	1307
278	1317
280	1328
282	1315
284	1323
286	1312
288	1330
290	1328
292	1313
294	1315
296	1313
298	1330
300	1304
2	5693
4	1439
6	1452
8	1435
10	1440
12	1437
14	1437
16	1437
18	1433
20	1437
22	1452
24	1437
26	1471
28	1445
30	1437
32	1436
34	1437
36	1435
38	1447
40	1438
42	1440
44	1437
46	1460
48	1453
50	1431
52	1441
54	1439
56	1440
58	1437
60	1448
62	1440
64	1433
66	1447
68	1450
70	1440
72	1437
74	1440
76	1440
78	1451
80	1436
82	1443
84	1484
86	1487
88	1554
90	1438
92	1432
94	1449
96	1424
98	1440
100	1456
102	1448
104	1435
106	1452
108	1447
110	1451
112	1440
114	1437
116	1449
118	1446
120	1440
122	1440
124	1434
126	1440
128	1443
130	1453
132	1439
134	1440
136	1433
138	1437
140	1439
142	1449
144	1444
146	1447
148	1437
150	1452
152	1443
154	1440
156	1431
158	1443
160	1432
162	1440
164	1448
166	1428
168	1451
170	1432
172	1461
174	1435
176	1437
178	1433
180	1440
182	1437
184	1431
186	1442
188	1432
190	1456
192	1459
194	1444
196	1438
198	1431
200	1439
202	1449
204	1437
206	1451
208	1424
210	1453
212	1450
214	1447
216	1435
218	1453
220	1436
222	1440
224	1437
226	1433
228	1452
230	1427
232	1440
234	1469
236	1440
238	1440
240	1440
242	1437
244	1436
246	1440
248	1432
250	1444
252	1440
254	1452
256	1443
258	1466
260	1469
262	1479
264	1440
266	1437
268	1433
270	1453
272	1446
274	1452
276	1461
278	1471
280	1471
282	1558
284	1560
286	1546
288	1495
290	1531
292	1514
294	1453
296	1459
298	1444
300	1432
2	6111
4	1541
6	1546
8	1552
10	1574
12	1658
14	1647
16	1567
18	1531
20	1548
22	1554
24	1683
26	1596
28	1596
30	1547
32	1550
34	1537
36	1549
38	1534
40	1537
42	1540
44	1551
46	1578
48	1560
50	1546
52	1550
54	1542
56	1544
58	1546
60	1543
62	1533
64	1562
66	1562
68	1535
70	1534
72	1571
74	1531
76	1549
78	1541
80	1532
82	1541
84	1546
86	1548
88	1543
90	1551
92	1534
94	1545
96	1549
98	1551
100	1537
102	1549
104	1546
106	1549
108	1528
110	1542
112	1550
114	1534
116	1546
118	1547
120	1541
122	1557
124	1558
126	1536
128	1547
130	1542
132	1534
134	1548
136	1534
138	1546
140	1541
142	1548
144	1549
146	1544
148	1546
150	1549
152	1533
154	1547
156	1545
158	1533
160	1544
162	1547
164	1549
166	1534
168	1551
170	1532
172	1540
174	1550
176	1534
178	1553
180	1533
182	1557
184	1540
186	1538
188	1545
190	1531
192	1533
194	1541
196	1551
198	1540
200	1544
202	1567
204	1533
206	1534
208	1542
210	1534
212	1541
214	1542
216	1549
218	1535
220	1551
222	1544
224	1540
226	1549
228	1542
230	1537
232	1549
234	1527
236	1549
238	1537
240	1558
242	1549
244	1533
246	1544
248	1548
250	1540
252	1547
254	1529
256	1553
258	1549
260	1549
262	1533
264	1553
266	1545
268	1531
270	1549
272	1528
274	1548
276	1540
278	1546
280	1563
282	1538
284	1546
286	1545
288	1533
290	1542
292	1542
294	1547
296	1539
298	1553
300	1568
2	6554
4	1654
6	1656
8	1660
10	1666
12	1662
14	1654
16	1659
18	1658
20	1654
22	1664
24	1647
26	1657
28	1704
30	1671
32	1657
34	1662
36	1659
38	1658
40	1651
42	1660
44	1665
46	1675
48	1670
50	1677
52	1648
54	1643
56	1669
58	1661
60	1644
62	1674
64	1659
66	1657
68	1654
70	1654
72	1673
74	1723
76	1663
78	1660
80	1662
82	1661
84	1653
86	1668
88	1644
90	1657
92	1651
94	1668
96	1641
98	1662
100	1665
102	1665
104	1654
106	1656
108	1651
110	1643
112	1656
114	1652
116	1665
118	1671
120	1659
122	1658
124	1703
126	1683
128	1732
130	1687
132	1654
134	1656
136	1662
138	1655
140	1654
142	1656
144	1652
146	1690
148	1650
150	1658
152	1660
154	1666
156	1655
158	1752
160	1822
162	1921
164	1796
166	1726
168	1649
170	1656
172	1675
174	1673
176	1719
178	1736
180	1720
182	1685
184	1651
186	1652
188	1668
190	1673
192	1641
194	1672
196	1646
198	1654
200	1640
202	1702
204	1710
206	1728
208	1706
210	1728
212	1747
214	1664
216	1641
218	1658
220	1656
222	1648
224	1656
226	1657
228	1643
230	1643
232	1646
234	1653
236	1645
238	1678
240	1723
242	1742
244	1769
246	1713
248	1817
250	1690
252	1780
254	1751
256	1721
258	1658
260	1678
262	1750
264	1663
266	1731
268	1654
270	1707
272	1656
274	1658
276	1649
278	1668
280	1664
282	1647
284	1671
286	1659
288	1654
290	1659
292	1642
294	1669
296	1659
298	1662
300	1652
2	7032
4	1832
6	1818
8	1840
10	1825
12	1829
14	1815
16	1826
18	1831
20	1822
22	1830
24	1843
26	1816
28	1830
30	1824
32	1826
34	1823
36	1831
38	1829
40	1839
42	1815
44	1830
46	1826
48	1830
50	1828
52	1823
54	1816
56	1846
58	1830
60	1815
62	1823
64	1826
66	1870
68	2033
70	1952
72	1959
74	2147
76	2252
78	1808
80	1830
82	1824
84	1827
86	1826
88	1846
90	1818
92	1815
94	1823
96	1842
98	1859
100	2011
102	2096
104	1900
106	1939
108	1935
110	2082
112	1823
114	2051
116	1828
118	1818
120	1848
122	1815
124	1842
126	2177
128	1831
130	1832
132	1811
134	1834
136	1842
138	1817
140	1816
142	1816
144	1814
146	1830
148	1823
150	1823
152	1838
154	1816
156	1815
158	1826
160	1814
162	1815
164	1827
166	1811
168	1840
170	1827
172	1810
174	1824
176	1810
178	1831
180	1815
182	1823
184	1818
186	1832
188	1814
190	1814
192	1833
194	1801
196	1830
198	1826
200	1811
202	2005
204	1828
206	1824
208	1829
210	1815
212	1808
214	1825
216	1946
218	1828
220	1816
222	1827
224	1811
226	1824
228	1809
230	1816
232	1815
234	1835
236	1805
238	1828
240	1813
242	1815
244	1830
246	1808
248	1821
250	1833
252	1819
254	1828
256	1813
258	1825
260	1808
262	1815
264	1829
266	1959
268	1854
270	1841
272	1828
274	1815
276	1862
278	1831
280	1852
282	1844
284	1862
286	1836
288	1829
290	1831
292	1837
294	1846
296	1830
298	1843
300	1835
2	7438
4	1976
6	1977
8	1975
10	1968
12	1971
14	1961
16	1964
18	1967
20	1971
22	1955
24	1986
26	1966
28	1965
30	1975
32	1956
34	1967
36	1966
38	1996
40	1976
42	1986
44	1975
46	1969
48	1987
50	1963
52	1978
54	1979
56	1956
58	1971
60	1986
62	1971
64	1964
66	1967
68	1973
70	1983
72	1975
74	1955
76	1974
78	1956
80	1963
82	1985
84	1984
86	1972
88	1966
90	1964
92	1971
94	1968
96	1964
98	1977
100	1978
102	1964
104	1965
106	1967
108	1966
110	1963
112	1965
114	1983
116	1970
118	1969
120	1972
122	1974
124	1967
126	2055
128	1979
130	2062
132	2007
134	2048
136	1986
138	2087
140	2264
142	2467
144	2373
146	3134
148	2306
150	2138
152	2135
154	2054
156	2100
158	2458
160	2802
162	2465
164	2206
166	2157
168	2212
170	2206
172	2199
174	2236
176	2163
178	2040
180	2002
182	2018
184	1999
186	2053
188	2098
190	2221
192	2258
194	2228
196	2085
198	2060
200	1978
202	2111
204	2172
206	2261
208	2061
210	2109
212	2167
214	2138
216	2090
218	2147
220	2072
222	1992
224	1988
226	2057
228	2047
230	2083
232	2187
234	2283
236	2126
238	2048
240	2088
242	2017
244	2020
246	2105
248	2082
250	2011
252	2024
254	2059
256	2087
258	2041
260	1981
262	1974
264	1983
266	1985
268	2046
270	1995
272	2003
274	2136
276	2111
278	2105
280	2120
282	2122
284	2075
286	2052
288	2009
290	2022
292	2069
294	2051
296	2019
298	2148
300	2047
2	8288
4	2216
6	2209
8	2366
10	2319
12	2242
14	2232
16	2263
18	2294
20	2283
22	2545
24	2236
26	2231
28	2262
30	2250
32	2272
34	2187
36	2199
38	2186
40	2135
42	2129
44	2254
46	2284
48	2270
50	2321
52	2194
54	2283
56	2239
58	2228
60	2212
62	2251
64	2200
66	2170
68	2230
70	2195
72	2190
74	2184
76	2239
78	2250
80	2238
82	2320
84	2269
86	2133
88	2263
90	2142
92	2145
94	2164
96	2130
98	2106
100	2152
102	2212
104	2130
106	2128
108	2166
110	2224
112	2225
114	2242
116	2257
118	2289
120	2193
122	2229
124	2285
126	2275
128	2209
130	2133
132	2148
134	2188
136	2222
138	2250
140	2202
142	2247
144	2311
146	2261
148	2224
150	2283
152	2215
154	2150
156	2206
158	2255
160	2167
162	2174
164	2305
166	2302
168	2346
170	2247
172	2291
174	2618
176	2264
178	2170
180	2218
182	2354
184	2399
186	2183
188	2382
190	2462
192	2293
194	2249
196	2278
198	2189
200	2142
202	2135
204	2132
206	2217
208	2250
210	2345
212	2226
214	2140
216	2274
218	2210
220	2168
222	2187
224	2157
226	2171
228	2126
230	2114
232	2245
234	2153
236	2160
238	2142
240	2136
242	2129
244	2130
246	2208
248	2183
250	2176
252	2244
254	2265
256	2124
258	2136
260	2114
262	2137
264	2157
266	2194
268	2299
270	2415
272	2190
274	2168
276	2127
278	2155
280	2140
282	2352
284	2112
286	2307
288	2403
290	2278
292	2213
294	2206
296	2304
298	2261
300	2281
2	8620
4	2179
6	2178
8	2195
10	2198
12	2177
14	2208
16	2199
18	2205
20	2406
22	2405
24	2242
26	2185
28	2172
30	2179
32	2178
34	2179
36	2194
38	2196
40	2163
42	2178
44	2195
46	2188
48	2260
50	2210
52	2226
54	2219
56	2336
58	2283
60	2263
62	2518
64	2202
66	2172
68	2168
70	2161
72	2181
74	2238
76	2375
78	2697
80	2557
82	2432
84	2319
86	2385
88	2402
90	2454
92	2310
94	2273
96	2403
98	2179
100	2342
102	2335
104	2191
106	2377
108	2256
110	2292
112	2293
114	2309
116	2339
118	2363
120	2348
122	2270
124	2304
126	2275
128	2420
130	2236
132	2198
134	2299
136	2281
138	2270
140	2238
142	2180
144	2433
146	2263
148	2387
150	2356
152	2395
154	2260
156	2201
158	2434
160	2323
162	2189
164	2199
166	2442
168	2229
170	2160
172	2221
174	2371
176	2192
178	2223
180	2207
182	2302
184	2296
186	2280
188	2209
190	2310
192	2413
194	2329
196	2436
198	2297
200	2369
202	2252
204	2245
206	2299
208	2350
210	2266
212	2285
214	2338
216	2349
218	2317
220	2268
222	2238
224	2317
226	2263
228	2378
230, 2233
232, 2188
234, 2190
236, 2162
238, 2183
240, 2356
242, 2168
244, 2204
246, 2309
248, 2413
250, 2471
252, 2506
254, 2320
256, 2315
258, 2302
260, 2291
262, 2354
264, 2335
266, 335
268, 2364
270, 2244
272, 2216
274, 2299
276, 2174
278, 2305
280, 2336
282, 2574
284, 2531
286, 2315
288, 2693
290, 2235
292, 2450
294, 2270
296, 2462
298, 2194
300, 2279



-----------------------------------------------------
-----------------------------------------------------
Test file: src/RecursionTestMain

NOTES: The second test run of the quick sort, the array
size varies from 20000 to 12000000 with integral about
600000. For array size 20000 there are some cases when
the running time is less than 1ms. Based on the graph
all ranges can hardly be described as "flat".
-----------------------------------------------------

Array size is 20000
2, 78
4, 15
6, 16
8, 0
10, 0
12, 16
14, 0
16, 0
18, 15
20, 0
22, 0
24, 0
26, 0
28, 16
30, 0
32, 0
34, 0
36, 0
38, 15
40, 0
42, 0
44, 0
46, 0
48, 0
50, 0
52, 0
54, 16
56, 0
58, 0
60, 0
62, 0
64, 0
66, 16
68, 0
70, 0
72, 0
74, 0
76, 15
78, 0
80, 0
82, 0
84, 16
86, 0
88, 0
90, 0
92, 16
94, 0
96, 15
98, 0
100, 0
102, 0
104, 0
106, 16
108, 0
110, 0
112, 0
114, 15
116, 0
118, 0
120, 0
122, 16
124, 0
126, 0
128, 0
130, 16
132, 0
134, 0
136, 0
138, 0
140, 15
142, 0
144, 0
146, 0
148, 0
150, 16
152, 0
154, 0
156, 0
158, 16
160, 0
162, 0
164, 0
166, 0
168, 0
170, 15
172, 0
174, 0
176, 0
178, 0
180, 16
182, 0
184, 0
186, 0
188, 0
190, 0
192, 15
194, 0
196, 0
198, 0
200, 0
202, 0
204, 0
206, 16
208, 0
210, 0
212, 0
214, 0
216, 0
218, 16
220, 0
222, 0
224, 0
226, 0
228, 0
230, 15
232, 0
234, 0
236, 0
238, 0
240, 16
242, 0
244, 0
246, 0
248, 0
250, 0
252, 17
254, 0
256, 0
258, 16
260, 0
262, 0
264, 0
266, 0
268, 0
270, 0
272, 0
274, 0
276, 0
278, 0
280, 0
282, 0
284, 0
286, 0
288, 0
290, 15
292, 0
294, 0
296, 0
298, 0
300, 0
Array size is 600000
2, 720
4, 78
6, 47
8, 31
10, 47
12, 47
14, 47
16, 47
18, 47
20, 46
22, 47
24, 47
26, 49
28, 31
30, 31
32, 47
34, 49
36, 47
38, 43
40, 37
42, 40
44, 40
46, 47
48, 42
50, 38
52, 37
54, 37
56, 45
58, 42
60, 40
62, 37
64, 37
66, 46
68, 44
70, 40
72, 38
74, 37
76, 37
78, 45
80, 42
82, 36
84, 31
86, 47
88, 31
90, 47
92, 48
94, 32
96, 47
98, 31
100, 47
102, 32
104, 47
106, 47
108, 31
110, 31
112, 47
114, 31
116, 47
118, 47
120, 47
122, 31
124, 32
126, 46
128, 47
130, 31
132, 50
134, 37
136, 37
138, 47
140, 49
142, 45
144, 42
146, 37
148, 41
150, 53
152, 45
154, 38
156, 38
158, 41
160, 47
162, 40
164, 39
166, 40
168, 38
170, 45
172, 41
174, 38
176, 38
178, 37
180, 40
182, 47
184, 31
186, 47
188, 31
190, 31
192, 47
194, 47
196, 47
198, 47
200, 31
202, 31
204, 47
206, 47
208, 47
210, 31
212, 47
214, 31
216, 47
218, 31
220, 47
222, 31
224, 47
226, 31
228, 47
230, 34
232, 47
234, 32
236, 46
238, 32
240, 31
242, 48
244, 47
246, 31
248, 31
250, 47
252, 32
254, 46
256, 47
258, 32
260, 31
262, 47
264, 31
266, 47
268, 47
270, 31
272, 31
274, 47
276, 47
278, 47
280, 31
282, 47
284, 47
286, 31
288, 47
290, 31
292, 47
294, 47
296, 47
298, 46
300, 47
Array size is 1200000
2, 721
4, 125
6, 125
8, 109
10, 127
12, 127
14, 140
16, 110
18, 125
20, 140
22, 141
24, 109
26, 125
28, 125
30, 127
32, 125
34, 126
36, 109
38, 125
40, 125
42, 125
44, 157
46, 220
48, 144
50, 110
52, 125
54, 111
56, 125
58, 139
60, 135
62, 129
64, 125
66, 132
68, 127
70, 133
72, 132
74, 134
76, 108
78, 130
80, 125
82, 111
84, 109
86, 125
88, 139
90, 135
92, 126
94, 152
96, 128
98, 148
100, 115
102, 143
104, 125
106, 132
108, 114
110, 131
112, 127
114, 131
116, 129
118, 135
120, 123
122, 131
124, 119
126, 125
128, 120
130, 120
132, 156
134, 131
136, 124
138, 128
140, 128
142, 133
144, 135
146, 129
148, 129
150, 127
152, 119
154, 113
156, 136
158, 157
160, 123
162, 122
164, 117
166, 129
168, 108
170, 141
172, 129
174, 128
176, 128
178, 139
180, 125
182, 125
184, 120
186, 117
188, 112
190, 125
192, 109
194, 132
196, 115
198, 125
200, 115
202, 129
204, 112
206, 111
208, 125
210, 109
212, 139
214, 116
216, 120
218, 131
220, 124
222, 123
224, 122
226, 123
228, 118
230, 122
232, 124
234, 122
236, 114
238, 114
240, 125
242, 120
244, 117
246, 119
248, 110
250, 137
252, 119
254, 116
256, 125
258, 110
260, 125
262, 122
264, 110
266, 125
268, 109
270, 128
272, 108
274, 127
276, 110
278, 109
280, 125
282, 125
284, 109
286, 125
288, 118
290, 118
292, 109
294, 125
296, 109
298, 128
300, 109
Array size is 1800000
2, 1099
4, 193
6, 125
8, 109
10, 123
12, 119
14, 109
16, 126
18, 122
20, 108
22, 125
24, 109
26, 109
28, 132
30, 112
32, 137
34, 111
36, 141
38, 121
40, 127
42, 162
44, 143
46, 121
48, 109
50, 110
52, 109
54, 125
56, 109
58, 122
60, 123
62, 105
64, 126
66, 126
68, 129
70, 118
72, 123
74, 145
76, 142
78, 131
80, 121
82, 132
84, 132
86, 117
88, 132
90, 126
92, 114
94, 110
96, 126
98, 137
100, 131
102, 121
104, 125
106, 124
108, 122
110, 118
112, 123
114, 114
116, 123
118, 114
120, 115
122, 115
124, 125
126, 109
128, 122
130, 127
132, 132
134, 115
136, 109
138, 111
140, 125
142, 112
144, 117
146, 121
148, 106
150, 125
152, 103
154, 127
156, 114
158, 110
160, 134
162, 103
164, 126
166, 108
168, 109
170, 129
172, 121
174, 110
176, 109
178, 126
180, 110
182, 122
184, 111
186, 105
188, 125
190, 109
192, 114
194, 124
196, 131
198, 127
200, 145
202, 132
204, 124
206, 119
208, 117
210, 122
212, 127
214, 110
216, 109
218, 125
220, 110
222, 111
224, 109
226, 125
228, 122
230, 117
232, 119
234, 118
236, 120
238, 115
240, 124
242, 115
244, 120
246, 117
248, 126
250, 126
252, 128
254, 125
256, 137
258, 121
260, 109
262, 127
264, 108
266, 111
268, 132
270, 113
272, 121
274, 135
276, 133
278, 125
280, 125
282, 128
284, 118
286, 110
288, 110
290, 109
292, 128
294, 128
296, 128
298, 129
300, 128
Array size is 2400000
2, 1621
4, 304
6, 306
8, 345
10, 311
12, 326
14, 327
16, 341
18, 324
20, 397
22, 341
24, 383
26, 342
28, 349
30, 338
32, 342
34, 343
36, 303
38, 335
40, 308
42, 316
44, 329
46, 313
48, 311
50, 306
52, 300
54, 336
56, 325
58, 304
60, 298
62, 297
64, 305
66, 315
68, 311
70, 343
72, 310
74, 340
76, 299
78, 308
80, 304
82, 313
84, 323
86, 308
88, 309
90, 320
92, 310
94, 305
96, 307
98, 314
100, 307
102, 320
104, 318
106, 308
108, 302
110, 319
112, 297
114, 308
116, 301
118, 310
120, 296
122, 304
124, 298
126, 297
128, 312
130, 312
132, 297
134, 298
136, 296
138, 299
140, 297
142, 301
144, 316
146, 292
148, 299
150, 296
152, 314
154, 297
156, 318
158, 323
160, 352
162, 287
164, 330
166, 329
168, 334
170, 357
172, 328
174, 311
176, 324
178, 327
180, 321
182, 312
184, 362
186, 395
188, 328
190, 317
192, 315
194, 299
196, 298
198, 306
200, 304
202, 341
204, 466
206, 337
208, 374
210, 345
212, 389
214, 398
216, 378
218, 375
220, 357
222, 353
224, 323
226, 314
228, 319
230, 318
232, 318
234, 317
236, 317
238, 337
240, 336
242, 311
244, 341
246, 318
248, 331
250, 319
252, 318
254, 290
256, 311
258, 296
260, 299
262, 324
264, 290
266, 314
268, 309
270, 303
272, 297
274, 298
276, 313
278, 313
280, 314
282, 307
284, 301
286, 310
288, 298
290, 310
292, 314
294, 308
296, 292
298, 312
300, 298
Array size is 3000000
2, 2014
4, 440
6, 437
8, 454
10, 465
12, 471
14, 456
16, 406
18, 408
20, 423
22, 417
24, 429
26, 435
28, 407
30, 438
32, 437
34, 469
36, 427
38, 485
40, 421
42, 407
44, 418
46, 419
48, 418
50, 411
52, 408
54, 440
56, 445
58, 447
60, 432
62, 437
64, 406
66, 409
68, 424
70, 418
72, 422
74, 405
76, 407
78, 421
80, 406
82, 424
84, 407
86, 406
88, 422
90, 406
92, 425
94, 407
96, 406
98, 409
100, 407
102, 421
104, 406
106, 422
108, 409
110, 422
112, 406
114, 406
116, 423
118, 417
120, 419
122, 427
124, 408
126, 424
128, 420
130, 421
132, 412
134, 406
136, 417
138, 406
140, 406
142, 424
144, 407
146, 441
148, 437
150, 504
152, 439
154, 495
156, 407
158, 422
160, 443
162, 423
164, 421
166, 432
168, 421
170, 458
172, 473
174, 423
176, 479
178, 465
180, 458
182, 496
184, 468
186, 423
188, 422
190, 440
192, 423
194, 489
196, 464
198, 469
200, 439
202, 450
204, 423
206, 422
208, 444
210, 438
212, 456
214, 508
216, 479
218, 444
220, 449
222, 492
224, 430
226, 441
228, 415
230, 422
232, 437
234, 440
236, 409
238, 419
240, 414
242, 422
244, 409
246, 406
248, 438
250, 469
252, 421
254, 428
256, 428
258, 435
260, 439
262, 465
264, 453
266, 441
268, 433
270, 438
272, 422
274, 438
276, 421
278, 440
280, 434
282, 421
284, 424
286, 423
288, 406
290, 422
292, 452
294, 477
296, 416
298, 447
300, 443
Array size is 3600000
2, 2506
4, 604
6, 532
8, 554
10, 551
12, 558
14, 547
16, 546
18, 608
20, 566
22, 526
24, 541
26, 517
28, 531
30, 527
32, 507
34, 524
36, 502
38, 515
40, 516
42, 499
44, 519
46, 499
48, 516
50, 515
52, 516
54, 511
56, 516
58, 500
60, 515
62, 517
64, 501
66, 521
68, 524
70, 523
72, 553
74, 591
76, 596
78, 551
80, 551
82, 578
84, 571
86, 544
88, 516
90, 517
92, 536
94, 533
96, 531
98, 575
100, 560
102, 550
104, 544
106, 615
108, 530
110, 538
112, 548
114, 547
116, 547
118, 568
120, 539
122, 560
124, 548
126, 519
128, 522
130, 554
132, 593
134, 593
136, 534
138, 568
140, 551
142, 610
144, 560
146, 587
148, 590
150, 602
152, 558
154, 571
156, 535
158, 626
160, 539
162, 515
164, 532
166, 533
168, 546
170, 591
172, 579
174, 543
176, 530
178, 535
180, 525
182, 562
184, 564
186, 595
188, 594
190, 586
192, 615
194, 539
196, 517
198, 516
200, 518
202, 516
204, 515
206, 516
208, 502
210, 511
212, 536
214, 529
216, 518
218, 502
220, 519
222, 500
224, 536
226, 517
228, 500
230, 516
232, 551
234, 516
236, 533
238, 525
240, 518
242, 517
244, 514
246, 503
248, 516
250, 522
252, 520
254, 504
256, 516
258, 510
260, 516
262, 515
264, 516
266, 542
268, 516
270, 499
272, 516
274, 500
276, 525
278, 501
280, 515
282, 516
284, 507
286, 515
288, 516
290, 519
292, 520
294, 500
296, 509
298, 531
300, 521
Array size is 4200000
2, 2731
4, 611
6, 613
8, 609
10, 610
12, 611
14, 610
16, 630
18, 615
20, 609
22, 612
24, 610
26, 614
28, 615
30, 609
32, 623
34, 623
36, 604
38, 626
40, 622
42, 609
44, 609
46, 629
48, 623
50, 623
52, 625
54, 608
56, 624
58, 610
60, 609
62, 612
64, 609
66, 609
68, 609
70, 610
72, 609
74, 609
76, 605
78, 609
80, 625
82, 622
84, 603
86, 625
88, 620
90, 614
92, 619
94, 610
96, 609
98, 625
100, 627
102, 609
104, 610
106, 619
108, 623
110, 656
112, 640
114, 675
116, 649
118, 641
120, 619
122, 675
124, 643
126, 656
128, 677
130, 670
132, 638
134, 639
136, 623
138, 656
140, 731
142, 605
144, 629
146, 618
148, 678
150, 665
152, 655
154, 717
156, 732
158, 658
160, 649
162, 779
164, 665
166, 703
168, 717
170, 678
172, 655
174, 666
176, 699
178, 701
180, 697
182, 688
184, 663
186, 689
188, 811
190, 749
192, 679
194, 676
196, 689
198, 691
200, 665
202, 667
204, 656
206, 668
208, 668
210, 696
212, 680
214, 663
216, 676
218, 657
220, 670
222, 643
224, 640
226, 616
228, 639
230, 642
232, 665
234, 729
236, 648
238, 652
240, 634
242, 698
244, 632
246, 643
248, 716
250, 639
252, 641
254, 650
256, 661
258, 692
260, 653
262, 648
264, 655
266, 664
268, 666
270, 683
272, 663
274, 631
276, 649
278, 638
280, 763
282, 675
284, 665
286, 717
288, 664
290, 666
292, 657
294, 635
296, 687
298, 684
300, 693
Array size is 4800000
2, 3343
4, 826
6, 791
8, 820
10, 741
12, 825
14, 772
16, 767
18, 781
20, 723
22, 735
24, 726
26, 734
28, 747
30, 736
32, 766
34, 745
36, 718
38, 740
40, 750
42, 818
44, 838
46, 772
48, 772
50, 769
52, 770
54, 744
56, 795
58, 842
60, 838
62, 761
64, 775
66, 775
68, 748
70, 805
72, 809
74, 757
76, 791
78, 760
80, 781
82, 787
84, 774
86, 728
88, 749
90, 805
92, 751
94, 848
96, 786
98, 811
100, 738
102, 719
104, 785
106, 839
108, 763
110, 776
112, 764
114, 838
116, 848
118, 801
120, 751
122, 744
124, 750
126, 825
128, 808
130, 815
132, 752
134, 779
136, 718
138, 714
140, 740
142, 736
144, 723
146, 706
148, 735
150, 719
152, 724
154, 736
156, 737
158, 722
160, 734
162, 718
164, 736
166, 751
168, 786
170, 759
172, 770
174, 765
176, 737
178, 762
180, 734
182, 718
184, 782
186, 813
188, 845
190, 773
192, 747
194, 832
196, 784
198, 821
200, 755
202, 811
204, 811
206, 787
208, 781
210, 797
212, 750
214, 745
216, 807
218, 802
220, 741
222, 736
224, 743
226, 775
228, 748
230, 725
232, 746
234, 769
236, 829
238, 762
240, 749
242, 752
244, 760
246, 766
248, 747
250, 719
252, 737
254, 755
256, 752
258, 766
260, 781
262, 750
264, 762
266, 734
268, 737
270, 745
272, 762
274, 807
276, 802
278, 798
280, 734
282, 727
284, 782
286, 849
288, 777
290, 761
292, 777
294, 822
296, 750
298, 778
300, 773
Array size is 5400000
2, 3652
4, 921
6, 818
8, 839
10, 836
12, 878
14, 897
16, 939
18, 898
20, 939
22, 845
24, 876
26, 859
28, 850
30, 859
32, 815
34, 857
36, 882
38, 933
40, 905
42, 902
44, 869
46, 904
48, 919
50, 878
52, 864
54, 911
56, 834
58, 845
60, 843
62, 900
64, 946
66, 844
68, 866
70, 877
72, 871
74, 852
76, 875
78, 811
80, 935
82, 947
84, 805
86, 933
88, 887
90, 865
92, 870
94, 871
96, 930
98, 918
100, 883
102, 908
104, 830
106, 846
108, 839
110, 842
112, 866
114, 943
116, 881
118, 862
120, 854
122, 843
124, 828
126, 848
128, 892
130, 854
132, 841
134, 861
136, 835
138, 916
140, 955
142, 825
144, 852
146, 859
148, 927
150, 887
152, 868
154, 882
156, 838
158, 821
160, 803
162, 813
164, 812
166, 809
168, 837
170, 825
172, 868
174, 889
176, 859
178, 836
180, 827
182, 812
184, 808
186, 834
188, 823
190, 815
192, 796
194, 809
196, 814
198, 801
200, 814
202, 798
204, 815
206, 800
208, 801
210, 815
212, 827
214, 911
216, 855
218, 814
220, 800
222, 808
224, 832
226, 810
228, 799
230, 814
232, 798
234, 818
236, 797
238, 799
240, 815
242, 797
244, 818
246, 815
248, 818
250, 816
252, 852
254, 866
256, 838
258, 862
260, 931
262, 823
264, 902
266, 881
268, 873
270, 806
272, 856
274, 813
276, 833
278, 851
280, 921
282, 981
284, 877
286, 805
288, 918
290, 857
292, 867
294, 894
296, 887
298, 926
300, 823
Array size is 6000000
2, 4246
4, 1032
6, 1016
8, 1036
10, 1076
12, 1040
14, 997
16, 987
18, 984
20, 987
22, 985
24, 1052
26, 1152
28, 1148
30, 1181
32, 994
34, 1076
36, 1052
38, 1140
40, 1076
42, 1028
44, 984
46, 1007
48, 1096
50, 1090
52, 1021
54, 1013
56, 1047
58, 1096
60, 987
62, 984
64, 1009
66, 1007
68, 1029
70, 1038
72, 1034
74, 1067
76, 1027
78, 1088
80, 1059
82, 1045
84, 1061
86, 1075
88, 1116
90, 1065
92, 1051
94, 1070
96, 1068
98, 998
100, 982
102, 1148
104, 1041
106, 974
108, 1051
110, 1128
112, 1120
114, 974
116, 984
118, 1104
120, 1048
122, 1076
124, 1137
126, 1077
128, 1063
130, 1142
132, 1049
134, 1029
136, 1046
138, 996
140, 1001
142, 1065
144, 1079
146, 1003
148, 1003
150, 1001
152, 1006
154, 993
156, 1012
158, 984
160, 997
162, 1027
164, 991
166, 1055
168, 1092
170, 1176
172, 1174
174, 1091
176, 1005
178, 979
180, 1017
182, 986
184, 1002
186, 983
188, 985
190, 980
192, 989
194, 989
196, 985
198, 986
200, 1008
202, 985
204, 984
206, 1107
208, 1153
210, 1162
212, 1065
214, 1031
216, 1049
218, 1037
220, 1021
222, 1050
224, 1018
226, 1114
228, 1059
230, 1063
232, 1094
234, 1091
236, 1058
238, 1050
240, 1052
242, 1041
244, 997
246, 1028
248, 1000
250, 1062
252, 1049
254, 999
256, 1067
258, 1042
260, 1110
262, 1061
264, 1056
266, 1034
268, 1000
270, 1020
272, 990
274, 985
276, 1066
278, 1064
280, 1041
282, 1065
284, 1096
286, 1110
288, 1067
290, 1068
292, 1103
294, 1081
296, 1050
298, 1071
300, 1036
Array size is 6600000
2, 4516
4, 1245
6, 1165
8, 1139
10, 1209
12, 1174
14, 1273
16, 1140
18, 1179
20, 1122
22, 1147
24, 1146
26, 1172
28, 1160
30, 1253
32, 1357
34, 1248
36, 1218
38, 1335
40, 1205
42, 1210
44, 1178
46, 1170
48, 1175
50, 1191
52, 1187
54, 1219
56, 1190
58, 1199
60, 1148
62, 1158
64, 1152
66, 1148
68, 1161
70, 1134
72, 1150
74, 1156
76, 1140
78, 1147
80, 1128
82, 1146
84, 1153
86, 1136
88, 1224
90, 1217
92, 1202
94, 1162
96, 1126
98, 1127
100, 1191
102, 1167
104, 1165
106, 1179
108, 1273
110, 1136
112, 1190
114, 1234
116, 1187
118, 1207
120, 1194
122, 1159
124, 1166
126, 1146
128, 1144
130, 1153
132, 1149
134, 1151
136, 1137
138, 1130
140, 1150
142, 1157
144, 1149
146, 1163
148, 1150
150, 1176
152, 1219
154, 1171
156, 1210
158, 1165
160, 1178
162, 1167
164, 1142
166, 1131
168, 1329
170, 1143
172, 1185
174, 1247
176, 1221
178, 1190
180, 1146
182, 1144
184, 1148
186, 1140
188, 1139
190, 1144
192, 1155
194, 1164
196, 1201
198, 1174
200, 1144
202, 1130
204, 1160
206, 1185
208, 1228
210, 1171
212, 1208
214, 1219
216, 1168
218, 1173
220, 1209
222, 1222
224, 1185
226, 1172
228, 1159
230, 1143
232, 1159
234, 1176
236, 1164
238, 1238
240, 1181
242, 1246
244, 1224
246, 1132
248, 1149
250, 1154
252, 1124
254, 1150
256, 1129
258, 1143
260, 1144
262, 1156
264, 1132
266, 1143
268, 1130
270, 1162
272, 1142
274, 1166
276, 1140
278, 1143
280, 1143
282, 1128
284, 1145
286, 1143
288, 1129
290, 1143
292, 1146
294, 1144
296, 1163
298, 1140
300, 1166
Array size is 7200000
2, 4954
4, 1198
6, 1211
8, 1225
10, 1291
12, 1290
14, 1237
16, 1183
18, 1198
20, 1192
22, 1208
24, 1183
26, 1198
28, 1187
30, 1209
32, 1194
34, 1174
36, 1205
38, 1234
40, 1319
42, 1280
44, 1337
46, 1224
48, 1195
50, 1190
52, 1191
54, 1196
56, 1193
58, 1186
60, 1187
62, 1240
64, 1311
66, 1266
68, 1265
70, 1187
72, 1221
74, 1190
76, 1327
78, 1277
80, 1175
82, 1204
84, 1308
86, 1212
88, 1329
90, 1269
92, 1219
94, 1195
96, 1200
98, 1257
100, 1306
102, 1299
104, 1285
106, 1239
108, 1300
110, 1377
112, 1393
114, 1411
116, 1261
118, 1245
120, 1195
122, 1209
124, 1184
126, 1201
128, 1184
130, 1184
132, 1195
134, 1198
136, 1200
138, 1238
140, 1263
142, 1189
144, 1199
146, 1191
148, 1184
150, 1184
152, 1210
154, 1283
156, 1289
158, 1191
160, 1225
162, 1205
164, 1212
166, 1251
168, 1271
170, 1214
172, 1364
174, 1295
176, 1246
178, 1440
180, 1197
182, 1221
184, 1516
186, 1268
188, 1282
190, 1211
192, 1193
194, 1199
196, 1197
198, 1191
200, 1230
202, 1280
204, 1191
206, 1193
208, 1209
210, 1169
212, 1186
214, 1295
216, 1323
218, 1338
220, 1226
222, 1293
224, 1233
226, 1301
228, 1293
230, 1283
232, 1244
234, 1299
236, 1217
238, 1265
240, 1219
242, 1221
244, 1214
246, 1304
248, 1261
250, 1340
252, 1313
254, 1288
256, 1266
258, 1414
260, 1291
262, 1221
264, 1219
266, 1297
268, 1268
270, 1310
272, 1268
274, 1175
276, 1175
278, 1203
280, 1192
282, 1198
284, 1186
286, 1211
288, 1272
290, 1280
292, 1229
294, 1182
296, 1200
298, 1205
300, 1228
Array size is 7800000
2, 5637
4, 1472
6, 1504
8, 1492
10, 1401
12, 1441
14, 1376
16, 1395
18, 1573
20, 1500
22, 1464
24, 1444
26, 1429
28, 1421
30, 1440
32, 1452
34, 1596
36, 1486
38, 1591
40, 1586
42, 1561
44, 1567
46, 1471
48, 1471
50, 1497
52, 1535
54, 1502
56, 1463
58, 1551
60, 1548
62, 1608
64, 1435
66, 1438
68, 1408
70, 1386
72, 1394
74, 1390
76, 1409
78, 1420
80, 1416
82, 1430
84, 1478
86, 1498
88, 1441
90, 1495
92, 1484
94, 1425
96, 1406
98, 1452
100, 1460
102, 1452
104, 1429
106, 1441
108, 1458
110, 1425
112, 1519
114, 1479
116, 1440
118, 1420
120, 1434
122, 1451
124, 1424
126, 1439
128, 1427
130, 1431
132, 1422
134, 1482
136, 1441
138, 1408
140, 1447
142, 1435
144, 1448
146, 1437
148, 1404
150, 1431
152, 1455
154, 1405
156, 1381
158, 1372
160, 1379
162, 1390
164, 1508
166, 1366
168, 1394
170, 1470
172, 1410
174, 1452
176, 1434
178, 1379
180, 1406
182, 1439
184, 1368
186, 1420
188, 1440
190, 1377
192, 1391
194, 1366
196, 1427
198, 1438
200, 1406
202, 1362
204, 1365
206, 1350
208, 1375
210, 1339
212, 1380
214, 1346
216, 1359
218, 1345
220, 1360
222, 1349
224, 1346
226, 1374
228, 1353
230, 1387
232, 1350
234, 1359
236, 1357
238, 1346
240, 1368
242, 1361
244, 1347
246, 1360
248, 1357
250, 1359
252, 1357
254, 1355
256, 1371
258, 1337
260, 1362
262, 1354
264, 1346
266, 1354
268, 1348
270, 1360
272, 1342
274, 1377
276, 1350
278, 1346
280, 1353
282, 1359
284, 1346
286, 1371
288, 1356
290, 1345
292, 1370
294, 1363
296, 1379
298, 1350
300, 1374
Array size is 8400000
2, 5727
4, 1470
6, 1473
8, 1487
10, 1511
12, 1477
14, 1487
16, 1483
18, 1474
20, 1478
22, 1558
24, 1487
26, 1456
28, 1488
30, 1500
32, 1462
34, 1493
36, 1468
38, 1469
40, 1471
42, 1477
44, 1480
46, 1471
48, 1480
50, 1490
52, 1465
54, 1472
56, 1469
58, 1471
60, 1471
62, 1491
64, 1471
66, 1472
68, 1502
70, 1484
72, 1476
74, 1481
76, 1475
78, 1473
80, 1471
82, 1486
84, 1473
86, 1466
88, 1493
90, 1478
92, 1488
94, 1480
96, 1549
98, 1487
100, 1467
102, 1484
104, 1471
106, 1486
108, 1493
110, 1634
112, 1530
114, 1620
116, 1566
118, 1515
120, 1529
122, 1518
124, 1575
126, 1474
128, 1480
130, 1483
132, 1469
134, 1588
136, 1528
138, 1473
140, 1477
142, 1482
144, 1471
146, 1480
148, 1489
150, 1477
152, 1474
154, 1491
156, 1478
158, 1527
160, 1532
162, 1540
164, 1679
166, 1621
168, 1604
170, 1580
172, 1546
174, 1529
176, 1851
178, 1701
180, 1547
182, 1496
184, 1471
186, 1497
188, 1480
190, 1503
192, 1481
194, 1562
196, 1539
198, 1589
200, 1522
202, 1498
204, 1485
206, 1563
208, 1608
210, 1533
212, 1569
214, 1525
216, 1503
218, 1487
220, 1593
222, 1621
224, 1560
226, 1542
228, 1522
230, 1520
232, 1563
234, 1482
236, 1629
238, 1666
240, 1719
242, 1584
244, 1606
246, 1645
248, 1507
250, 1554
252, 1629
254, 1500
256, 1534
258, 1532
260, 1512
262, 1589
264, 1604
266, 1766
268, 1647
270, 1532
272, 1505
274, 1590
276, 1695
278, 1570
280, 1490
282, 1537
284, 1488
286, 1527
288, 1562
290, 1558
292, 1666
294, 1632
296, 1535
298, 1609
300, 1686
Array size is 9000000
2, 6796
4, 1738
6, 1787
8, 1810
10, 1727
12, 1747
14, 1763
16, 1812
18, 1801
20, 1859
22, 1837
24, 1771
26, 1779
28, 1680
30, 1654
32, 1727
34, 1824
36, 1784
38, 1822
40, 1811
42, 1726
44, 1763
46, 1842
48, 1792
50, 1926
52, 1801
54, 1892
56, 2106
58, 1690
60, 1668
62, 1923
64, 1709
66, 1756
68, 1650
70, 1627
72, 1636
74, 1652
76, 1650
78, 1639
80, 1770
82, 1801
84, 1712
86, 1676
88, 1732
90, 1679
92, 1743
94, 1722
96, 1677
98, 1893
100, 1717
102, 1704
104, 1726
106, 1796
108, 1772
110, 1901
112, 1739
114, 1762
116, 1785
118, 1963
120, 2017
122, 1685
124, 1688
126, 1708
128, 1697
130, 1690
132, 1737
134, 1726
136, 1723
138, 1725
140, 1648
142, 1675
144, 1706
146, 1756
148, 1651
150, 1646
152, 1648
154, 1636
156, 1643
158, 1636
160, 1646
162, 1654
164, 1755
166, 1926
168, 1726
170, 1636
172, 1666
174, 1752
176, 1806
178, 1757
180, 1798
182, 1731
184, 1679
186, 1689
188, 1663
190, 1747
192, 1713
194, 1671
196, 1658
198, 1638
200, 1641
202, 1658
204, 1654
206, 1635
208, 1742
210, 1723
212, 1749
214, 1760
216, 1757
218, 1685
220, 1640
222, 1721
224, 1707
226, 1696
228, 1689
230, 1719
232, 1738
234, 1740
236, 1718
238, 1788
240, 1732
242, 1756
244, 1836
246, 1769
248, 1710
250, 1685
252, 1706
254, 1658
256, 1660
258, 1672
260, 1666
262, 1719
264, 1744
266, 1764
268, 1658
270, 1691
272, 1729
274, 1719
276, 1714
278, 1709
280, 1740
282, 1717
284, 1723
286, 1765
288, 1651
290, 1663
292, 1802
294, 1714
296, 1712
298, 1737
300, 1823
Array size is 9600000
2, 6753
4, 1746
6, 1869
8, 1795
10, 1722
12, 1773
14, 1807
16, 1797
18, 1777
20, 1726
22, 1704
24, 1815
26, 1846
28, 1791
30, 1734
32, 1792
34, 1803
36, 1738
38, 1838
40, 1786
42, 1742
44, 1782
46, 1789
48, 1749
50, 1725
52, 1724
54, 1736
56, 1712
58, 1702
60, 1721
62, 1797
64, 1847
66, 1823
68, 1818
70, 1783
72, 1772
74, 1761
76, 1763
78, 1825
80, 1872
82, 1726
84, 1720
86, 1725
88, 1783
90, 1756
92, 1742
94, 1743
96, 1796
98, 1790
100, 1761
102, 1808
104, 1791
106, 1748
108, 1752
110, 1783
112, 1879
114, 1765
116, 1744
118, 1754
120, 1851
122, 1850
124, 1880
126, 1824
128, 1738
130, 1757
132, 1762
134, 1835
136, 1780
138, 1835
140, 1749
142, 1748
144, 1727
146, 1724
148, 1742
150, 1708
152, 1743
154, 1745
156, 1854
158, 1896
160, 1745
162, 1756
164, 1750
166, 1724
168, 1742
170, 1897
172, 1809
174, 1754
176, 1728
178, 1737
180, 1726
182, 1753
184, 1737
186, 1741
188, 1765
190, 1743
192, 1735
194, 1711
196, 1722
198, 1724
200, 1724
202, 1723
204, 1761
206, 1743
208, 1779
210, 1883
212, 1899
214, 1769
216, 1816
218, 1831
220, 1833
222, 1791
224, 1721
226, 1725
228, 1725
230, 1709
232, 1739
234, 1710
236, 1736
238, 1725
240, 1726
242, 1722
244, 1725
246, 1708
248, 1724
250, 1866
252, 1708
254, 1747
256, 1730
258, 1727
260, 1725
262, 1722
264, 1707
266, 1751
268, 1723
270, 1730
272, 1746
274, 1724
276, 1736
278, 1754
280, 1725
282, 1708
284, 1726
286, 1722
288, 1729
290, 1734
292, 1740
294, 1727
296, 1724
298, 1721
300, 1728
Array size is 10200000
2, 7259
4, 1972
6, 2169
8, 2056
10, 1911
12, 2034
14, 1997
16, 1960
18, 1846
20, 1832
22, 1830
24, 1836
26, 1857
28, 1842
30, 1858
32, 1856
34, 1841
36, 1855
38, 1834
40, 1830
42, 1839
44, 1831
46, 1836
48, 1848
50, 1844
52, 1843
54, 1840
56, 1834
58, 1844
60, 1846
62, 1830
64, 1855
66, 1861
68, 1849
70, 1836
72, 1830
74, 1844
76, 1831
78, 1830
80, 1875
82, 2009
84, 2066
86, 2104
88, 1880
90, 1967
92, 1877
94, 1908
96, 1917
98, 1858
100, 1864
102, 1835
104, 1845
106, 1828
108, 1849
110, 1830
112, 1866
114, 1851
116, 1844
118, 1831
120, 1846
122, 1853
124, 1854
126, 1876
128, 1867
130, 1855
132, 1867
134, 1976
136, 1858
138, 1838
140, 1832
142, 1861
144, 1992
146, 1918
148, 2035
150, 2006
152, 1949
154, 2066
156, 1921
158, 1864
160, 1901
162, 2155
164, 2021
166, 1995
168, 1846
170, 1874
172, 1857
174, 1883
176, 1879
178, 1862
180, 1863
182, 1951
184, 1996
186, 1947
188, 1850
190, 1872
192, 1844
194, 1863
196, 1850
198, 1864
200, 1851
202, 1848
204, 1836
206, 1888
208, 1889
210, 1881
212, 1865
214, 2004
216, 1924
218, 1946
220, 1867
222, 1879
224, 1878
226, 1885
228, 1863
230, 1848
232, 1850
234, 1849
236, 1850
238, 1862
240, 1861
242, 1986
244, 1985
246, 1906
248, 1939
250, 1888
252, 1938
254, 2028
256, 1906
258, 1881
260, 1940
262, 1856
264, 1828
266, 1878
268, 1865
270, 1908
272, 1891
274, 1833
276, 1868
278, 1846
280, 1830
282, 1839
284, 1841
286, 1869
288, 1858
290, 1858
292, 1873
294, 1889
296, 1892
298, 1844
300, 1841
Array size is 10800000
2, 7568
4, 1967
6, 2000
8, 1969
10, 1997
12, 1989
14, 1958
16, 1994
18, 1971
20, 1970
22, 1971
24, 1963
26, 1988
28, 1984
30, 1980
32, 1966
34, 1974
36, 1984
38, 1990
40, 2210
42, 2265
44, 2118
46, 1985
48, 2049
50, 2074
52, 2065
54, 2073
56, 2116
58, 2097
60, 2065
62, 2065
64, 2061
66, 2047
68, 2173
70, 2112
72, 2094
74, 2172
76, 2221
78, 2300
80, 2199
82, 2071
84, 2015
86, 1987
88, 1975
90, 1995
92, 2060
94, 1983
96, 1991
98, 1979
100, 1984
102, 2134
104, 2079
106, 1994
108, 2020
110, 1951
112, 1982
114, 1988
116, 2084
118, 2131
120, 2192
122, 2043
124, 2065
126, 2193
128, 2233
130, 2314
132, 2407
134, 2268
136, 2174
138, 2105
140, 2098
142, 2112
144, 2029
146, 2036
148, 2048
150, 2075
152, 2026
154, 2137
156, 2187
158, 2226
160, 2156
162, 2065
164, 2068
166, 2065
168, 1987
170, 2073
172, 2098
174, 2076
176, 2065
178, 2107
180, 2068
182, 2057
184, 2034
186, 2061
188, 2063
190, 2032
192, 2013
194, 2068
196, 2038
198, 2115
200, 2144
202, 2010
204, 2032
206, 2032
208, 2064
210, 2049
212, 2035
214, 2027
216, 1999
218, 2110
220, 1987
222, 2085
224, 2096
226, 1983
228, 2051
230, 2031
232, 2094
234, 2126
236, 2219
238, 2141
240, 2007
242, 2178
244, 2064
246, 2049
248, 2031
250, 2056
252, 1978
254, 1977
256, 2003
258, 1995
260, 1970
262, 1981
264, 2067
266, 2042
268, 2023
270, 2101
272, 2107
274, 2162
276, 2111
278, 2105
280, 2008
282, 2069
284, 2071
286, 2062
288, 2055
290, 2028
292, 2049
294, 2127
296, 2070
298, 2064
300, 2168
Array size is 11400000
2, 8314
4, 2311
6, 2259
8, 2335
10, 2434
12, 2306
14, 2448
16, 2265
18, 2330
20, 2298
22, 2508
24, 2230
26, 2301
28, 2422
30, 2204
32, 2187
34, 2176
36, 2211
38, 2173
40, 2163
42, 2210
44, 2333
46, 2484
48, 2453
50, 2357
52, 2259
54, 2397
56, 2404
58, 2433
60, 2360
62, 2249
64, 2412
66, 2213
68, 2261
70, 2367
72, 2258
74, 2221
76, 2215
78, 2269
80, 2276
82, 2488
84, 2327
86, 2247
88, 2182
90, 2210
92, 2179
94, 2206
96, 2181
98, 2194
100, 2227
102, 2235
104, 2206
106, 2211
108, 2286
110, 2405
112, 2241
114, 2207
116, 2205
118, 2179
120, 2220
122, 2215
124, 2276
126, 2367
128, 2280
130, 2168
132, 2344
134, 2333
136, 2275
138, 2244
140, 2229
142, 2202
144, 2290
146, 2217
148, 2200
150, 2206
152, 2378
154, 2415
156, 2253
158, 2312
160, 2280
162, 2267
164, 2195
166, 2314
168, 2249
170, 2260
172, 2261
174, 2279
176, 2220
178, 2199
180, 2203
182, 2231
184, 2327
186, 2210
188, 2179
190, 2200
192, 2212
194, 2223
196, 2212
198, 2359
200, 2283
202, 2295
204, 2206
206, 2242
208, 2229
210, 2238
212, 2401
214, 2255
216, 2261
218, 2329
220, 2342
222, 2463
224, 2660
226, 2316
228, 2308
230, 2250
232, 2314
234, 2272
236, 2258
238, 2248
240, 2179
242, 2169
244, 2280
246, 2310
248, 2276
250, 2269
252, 2252
254, 2203
256, 2175
258, 2208
260, 2187
262, 2202
264, 2163
266, 2175
268, 2185
270, 2158
272, 2212
274, 2205
276, 2173
278, 2175
280, 2183
282, 2189
284, 2189
286, 2221
288, 2199
290, 2201
292, 2187
294, 2167
296, 2190
298, 2162
300, 2206
Array size is 12000000
2, 8408
4, 2222
6, 2241
8, 2246
10, 2346
12, 2322
14, 2317
16, 2331
18, 2252
20, 2241
22, 2247
24, 2226
26, 2224
28, 2235
30, 2223
32, 2230
34, 2289
36, 2233
38, 2295
40, 2280
42, 2272
44, 2215
46, 2237
48, 2229
50, 2222
52, 2334
54, 2406
56, 2334
58, 2314
60, 2290
62, 2242
64, 2232
66, 2222
68, 2232
70, 2224
72, 2362
74, 2292
76, 2295
78, 2321
80, 2223
82, 2235
84, 2224
86, 2240
88, 2240
90, 2249
92, 2220
94, 2229
96, 2218
98, 2216
100, 2257
102, 2237
104, 2222
106, 2217
108, 2237
110, 2214
112, 2240
114, 2247
116, 2213
118, 2252
120, 2218
122, 2216
124, 2231
126, 2243
128, 2233
130, 2213
132, 2235
134, 2221
136, 2233
138, 2215
140, 2241
142, 2237
144, 2263
146, 2218
148, 2236
150, 2213
152, 2221
154, 2256
156, 2217
158, 2232
160, 2219
162, 2251
164, 2208
166, 2246
168, 2242
170, 2211
172, 2233
174, 2230
176, 2216
178, 2224
180, 2252
182, 2250
184, 2216
186, 2221
188, 2230
190, 2234
192, 2223
194, 2251
196, 2250
198, 2250
200, 2217
202, 2221
204, 2213
206, 2234
208, 2242
210, 2222
212, 2224
214, 2224
216, 2236
218, 2229
220, 2233
222, 2225
224, 2233
226, 2219
228, 2214
230, 2233
232, 2214
234, 2249
236, 2233
238, 2237
240, 2220
242, 2232
244, 2234
246, 2215
248, 2250
250, 2236
252, 2236
254, 2240
256, 2224
258, 2218
260, 2227
262, 2238
264, 2214
266, 2225
268, 2221
270, 2237
272, 2229
274, 2238
276, 2225
278, 2235
280, 2224
282, 2221
284, 2218
286, 2221
288, 2237
290, 2234
292, 2221
294, 2373
296, 2238
298, 2229
300, 2223



-----------------------------------------------------
-----------------------------------------------------
Test file: src/RecursionTestMain

NOTES: The third test run of the quick sort, the array
size varies from 20000 to 12000000 with integral about
600000. For array size 20000 occasionally there are
some cases when the running time is less than 1ms. The
flat range seems to be from 0 to 150 and 200 to 300 of
recursion limit.
-----------------------------------------------------

Array size is 20000
2, 103
4, 11
6, 8
8, 11
10, 2
12, 17
14, 3
16, 11
18, 0
20, 7
22, 3
24, 3
26, 4
28, 3
30, 4
32, 4
34, 3
36, 4
38, 3
40, 4
42, 3
44, 4
46, 4
48, 6
50, 4
52, 5
54, 3
56, 4
58, 5
60, 6
62, 5
64, 2
66, 6
68, 5
70, 4
72, 6
74, 5
76, 7
78, 4
80, 5
82, 7
84, 0
86, 0
88, 6
90, 3
92, 0
94, 14
96, 2
98, 9
100, 6
102, 9
104, 7
106, 5
108, 3
110, 3
112, 5
114, 6
116, 3
118, 5
120, 3
122, 6
124, 4
126, 4
128, 0
130, 10
132, 6
134, 4
136, 1
138, 5
140, 2
142, 4
144, 3
146, 1
148, 3
150, 7
152, 1
154, 5
156, 6
158, 4
160, 3
162, 5
164, 3
166, 3
168, 3
170, 3
172, 3
174, 0
176, 8
178, 1
180, 4
182, 0
184, 9
186, 2
188, 2
190, 2
192, 4
194, 3
196, 1
198, 3
200, 4
202, 2
204, 3
206, 0
208, 0
210, 0
212, 0
214, 12
216, 3
218, 4
220, 3
222, 4
224, 4
226, 2
228, 3
230, 2
232, 2
234, 2
236, 4
238, 2
240, 1
242, 2
244, 1
246, 3
248, 2
250, 5
252, 3
254, 7
256, 15
258, 10
260, 9
262, 10
264, 13
266, 6
268, 5
270, 5
272, 13
274, 1
276, 3
278, 2
280, 3
282, 2
284, 2
286, 1
288, 2
290, 2
292, 0
294, 0
296, 0
298, 0
300, 13
Array size is 600000
2, 635
4, 48
6, 55
8, 47
10, 49
12, 80
14, 54
16, 48
18, 48
20, 63
22, 59
24, 65
26, 47
28, 60
30, 63
32, 50
34, 47
36, 53
38, 47
40, 66
42, 47
44, 63
46, 47
48, 49
50, 42
52, 47
54, 79
56, 64
58, 47
60, 63
62, 100
64, 93
66, 71
68, 80
70, 77
72, 84
74, 67
76, 78
78, 66
80, 48
82, 76
84, 79
86, 58
88, 86
90, 118
92, 69
94, 77
96, 66
98, 53
100, 55
102, 69
104, 68
106, 70
108, 50
110, 49
112, 66
114, 49
116, 55
118, 67
120, 65
122, 64
124, 57
126, 49
128, 48
130, 51
132, 65
134, 47
136, 50
138, 53
140, 52
142, 49
144, 68
146, 43
148, 96
150, 100
152, 101
154, 83
156, 110
158, 107
160, 90
162, 101
164, 106
166, 87
168, 85
170, 98
172, 75
174, 103
176, 90
178, 97
180, 71
182, 90
184, 68
186, 97
188, 81
190, 48
192, 66
194, 64
196, 78
198, 49
200, 69
202, 49
204, 65
206, 47
208, 48
210, 64
212, 72
214, 58
216, 61
218, 47
220, 47
222, 33
224, 64
226, 48
228, 31
230, 56
232, 50
234, 47
236, 48
238, 32
240, 49
242, 49
244, 47
246, 49
248, 49
250, 33
252, 47
254, 48
256, 47
258, 47
260, 67
262, 55
264, 74
266, 64
268, 64
270, 74
272, 103
274, 48
276, 47
278, 47
280, 48
282, 49
284, 48
286, 47
288, 37
290, 51
292, 47
294, 62
296, 51
298, 51
300, 50
Array size is 1200000
2, 738
4, 141
6, 146
8, 128
10, 158
12, 145
14, 128
16, 191
18, 219
20, 123
22, 152
24, 143
26, 153
28, 126
30, 162
32, 162
34, 142
36, 127
38, 141
40, 127
42, 147
44, 143
46, 129
48, 140
50, 146
52, 141
54, 130
56, 141
58, 143
60, 126
62, 142
64, 142
66, 141
68, 130
70, 140
72, 129
74, 141
76, 136
78, 141
80, 125
82, 143
84, 142
86, 141
88, 135
90, 141
92, 126
94, 142
96, 126
98, 149
100, 127
102, 145
104, 143
106, 142
108, 129
110, 148
112, 127
114, 141
116, 129
118, 149
120, 143
122, 128
124, 144
126, 136
128, 132
130, 152
132, 126
134, 143
136, 142
138, 141
140, 125
142, 143
144, 143
146, 133
148, 145
150, 127
152, 141
154, 141
156, 127
158, 141
160, 142
162, 149
164, 142
166, 144
168, 124
170, 146
172, 141
174, 127
176, 141
178, 137
180, 141
182, 143
184, 128
186, 141
188, 141
190, 125
192, 142
194, 140
196, 126
198, 141
200, 140
202, 142
204, 125
206, 143
208, 141
210, 139
212, 127
214, 141
216, 130
218, 142
220, 142
222, 126
224, 141
226, 142
228, 126
230, 141
232, 141
234, 132
236, 143
238, 142
240, 125
242, 142
244, 128
246, 142
248, 142
250, 173
252, 177
254, 156
256, 146
258, 162
260, 149
262, 138
264, 141
266, 146
268, 162
270, 156
272, 140
274, 164
276, 151
278, 157
280, 155
282, 158
284, 158
286, 164
288, 158
290, 176
292, 157
294, 164
296, 157
298, 161
300, 172
Array size is 1800000
2, 1190
4, 269
6, 299
8, 285
10, 311
12, 269
14, 258
16, 239
18, 276
20, 263
22, 272
24, 269
26, 275
28, 274
30, 281
32, 284
34, 292
36, 250
38, 288
40, 285
42, 249
44, 285
46, 252
48, 290
50, 274
52, 267
54, 278
56, 265
58, 304
60, 288
62, 284
64, 251
66, 274
68, 269
70, 263
72, 298
74, 272
76, 299
78, 317
80, 241
82, 260
84, 235
86, 251
88, 269
90, 246
92, 262
94, 237
96, 254
98, 243
100, 242
102, 258
104, 304
106, 324
108, 231
110, 255
112, 233
114, 240
116, 244
118, 242
120, 238
122, 238
124, 238
126, 235
128, 239
130, 236
132, 236
134, 252
136, 238
138, 238
140, 235
142, 252
144, 238
146, 236
148, 238
150, 236
152, 236
154, 235
156, 240
158, 252
160, 238
162, 238
164, 237
166, 248
168, 283
170, 248
172, 240
174, 236
176, 236
178, 235
180, 237
182, 237
184, 237
186, 237
188, 251
190, 254
192, 236
194, 236
196, 244
198, 238
200, 240
202, 240
204, 241
206, 252
208, 251
210, 237
212, 240
214, 239
216, 241
218, 242
220, 237
222, 239
224, 235
226, 240
228, 236
230, 240
232, 235
234, 239
236, 245
238, 251
240, 237
242, 225
244, 237
246, 239
248, 237
250, 251
252, 237
254, 235
256, 237
258, 238
260, 237
262, 236
264, 238
266, 251
268, 236
270, 236
272, 235
274, 250
276, 253
278, 251
280, 295
282, 237
284, 241
286, 235
288, 244
290, 254
292, 269
294, 235
296, 256
298, 239
300, 244
Array size is 2400000
2, 1512
4, 348
6, 329
8, 349
10, 331
12, 345
14, 333
16, 359
18, 349
20, 331
22, 346
24, 332
26, 347
28, 331
30, 345
32, 349
34, 349
36, 332
38, 369
40, 349
42, 333
44, 329
46, 346
48, 329
50, 335
52, 349
54, 335
56, 345
58, 347
60, 344
62, 329
64, 348
66, 331
68, 347
70, 330
72, 346
74, 332
76, 330
78, 347
80, 331
82, 364
84, 330
86, 345
88, 346
90, 336
92, 351
94, 332
96, 346
98, 335
100, 353
102, 332
104, 347
106, 336
108, 348
110, 349
112, 332
114, 343
116, 349
118, 335
120, 348
122, 336
124, 347
126, 331
128, 355
130, 338
132, 350
134, 328
136, 333
138, 350
140, 330
142, 332
144, 344
146, 344
148, 328
150, 345
152, 342
154, 328
156, 345
158, 329
160, 366
162, 334
164, 345
166, 331
168, 347
170, 332
172, 348
174, 329
176, 353
178, 333
180, 345
182, 331
184, 345
186, 339
188, 345
190, 329
192, 341
194, 345
196, 331
198, 341
200, 333
202, 344
204, 332
206, 338
208, 346
210, 331
212, 347
214, 335
216, 331
218, 345
220, 331
222, 344
224, 408
226, 399
228, 428
230, 332
232, 344
234, 331
236, 345
238, 329
240, 346
242, 331
244, 345
246, 330
248, 346
250, 329
252, 334
254, 346
256, 337
258, 348
260, 329
262, 345
264, 332
266, 375
268, 329
270, 344
272, 334
274, 345
276, 330
278, 344
280, 330
282, 350
284, 329
286, 335
288, 347
290, 331
292, 328
294, 347
296, 332
298, 346
300, 329
Array size is 3000000
2, 1906
4, 496
6, 487
8, 490
10, 502
12, 490
14, 490
16, 503
18, 491
20, 479
22, 492
24, 506
26, 482
28, 502
30, 486
32, 488
34, 487
36, 501
38, 487
40, 492
42, 496
44, 488
46, 504
48, 487
50, 484
52, 487
54, 504
56, 486
58, 486
60, 486
62, 492
64, 501
66, 480
68, 503
70, 485
72, 488
74, 498
76, 487
78, 500
80, 487
82, 488
84, 485
86, 504
88, 487
90, 486
92, 488
94, 500
96, 486
98, 486
100, 505
102, 479
104, 488
106, 503
108, 488
110, 486
112, 488
114, 501
116, 488
118, 485
120, 486
122, 504
124, 487
126, 485
128, 500
130, 487
132, 487
134, 487
136, 489
138, 496
140, 486
142, 505
144, 517
146, 476
148, 497
150, 492
152, 490
154, 503
156, 492
158, 487
160, 488
162, 502
164, 490
166, 486
168, 489
170, 500
172, 486
174, 486
176, 504
178, 487
180, 486
182, 488
184, 501
186, 495
188, 528
190, 487
192, 485
194, 500
196, 488
198, 487
200, 488
202, 486
204, 504
206, 486
208, 491
210, 487
212, 501
214, 489
216, 485
218, 488
220, 502
222, 485
224, 489
226, 486
228, 502
230, 490
232, 486
234, 486
236, 488
238, 501
240, 487
242, 496
244, 487
246, 488
248, 487
250, 488
252, 488
254, 503
256, 485
258, 487
260, 500
262, 549
264, 662
266, 739
268, 629
270, 533
272, 501
274, 501
276, 505
278, 495
280, 505
282, 491
284, 497
286, 495
288, 490
290, 516
292, 498
294, 499
296, 497
298, 487
300, 498
Array size is 3600000
2, 2333
4, 590
6, 594
8, 600
10, 605
12, 599
14, 595
16, 582
18, 599
20, 594
22, 595
24, 591
26, 596
28, 594
30, 597
32, 594
34, 583
36, 596
38, 595
40, 597
42, 580
44, 595
46, 598
48, 594
50, 591
52, 598
54, 581
56, 594
58, 598
60, 601
62, 578
64, 597
66, 598
68, 592
70, 604
72, 596
74, 598
76, 601
78, 596
80, 607
82, 595
84, 599
86, 584
88, 605
90, 597
92, 582
94, 594
96, 600
98, 594
100, 593
102, 597
104, 595
106, 579
108, 601
110, 595
112, 591
114, 594
116, 596
118, 600
120, 594
122, 594
124, 594
126, 597
128, 595
130, 580
132, 618
134, 591
136, 597
138, 597
140, 597
142, 581
144, 598
146, 594
148, 597
150, 595
152, 595
154, 597
156, 595
158, 594
160, 582
162, 597
164, 599
166, 597
168, 607
170, 599
172, 772
174, 675
176, 704
178, 639
180, 612
182, 578
184, 599
186, 597
188, 583
190, 597
192, 594
194, 599
196, 596
198, 595
200, 594
202, 604
204, 584
206, 604
208, 597
210, 594
212, 582
214, 595
216, 595
218, 597
220, 582
222, 597
224, 595
226, 596
228, 582
230, 591
232, 595
234, 598
236, 595
238, 597
240, 597
242, 596
244, 582
246, 597
248, 596
250, 600
252, 583
254, 594
256, 594
258, 582
260, 648
262, 616
264, 609
266, 596
268, 600
270, 582
272, 597
274, 600
276, 595
278, 595
280, 602
282, 582
284, 592
286, 614
288, 579
290, 598
292, 599
294, 582
296, 598
298, 597
300, 583
Array size is 4200000
2, 2734
4, 700
6, 710
8, 709
10, 709
12, 694
14, 704
16, 714
18, 710
20, 701
22, 694
24, 708
26, 706
28, 706
30, 775
32, 708
34, 707
36, 710
38, 701
40, 736
42, 706
44, 708
46, 694
48, 704
50, 703
52, 730
54, 694
56, 704
58, 706
60, 724
62, 706
64, 706
66, 713
68, 712
70, 707
72, 707
74, 708
76, 704
78, 706
80, 710
82, 707
84, 693
86, 712
88, 708
90, 704
92, 710
94, 707
96, 710
98, 704
100, 710
102, 706
104, 704
106, 707
108, 705
110, 706
112, 705
114, 708
116, 704
118, 707
120, 705
122, 701
124, 705
126, 693
128, 708
130, 718
132, 717
134, 708
136, 694
138, 706
140, 707
142, 710
144, 706
146, 705
148, 718
150, 699
152, 709
154, 704
156, 708
158, 706
160, 730
162, 785
164, 709
166, 707
168, 705
170, 708
172, 706
174, 704
176, 714
178, 703
180, 712
182, 692
184, 720
186, 706
188, 706
190, 713
192, 702
194, 709
196, 704
198, 705
200, 708
202, 707
204, 705
206, 713
208, 691
210, 707
212, 705
214, 704
216, 708
218, 707
220, 712
222, 701
224, 711
226, 694
228, 708
230, 723
232, 706
234, 705
236, 712
238, 706
240, 704
242, 718
244, 706
246, 704
248, 708
250, 700
252, 706
254, 710
256, 704
258, 708
260, 712
262, 704
264, 707
266, 706
268, 705
270, 709
272, 704
274, 709
276, 714
278, 705
280, 704
282, 706
284, 701
286, 706
288, 705
290, 706
292, 718
294, 702
296, 705
298, 709
300, 705
Array size is 4800000
2, 3155
4, 817
6, 798
8, 810
10, 817
12, 806
14, 799
16, 816
18, 799
20, 815
22, 803
24, 809
26, 814
28, 799
30, 813
32, 799
34, 813
36, 801
38, 816
40, 798
42, 819
44, 798
46, 817
48, 811
50, 801
52, 799
54, 807
56, 815
58, 802
60, 814
62, 812
64, 798
66, 816
68, 800
70, 813
72, 799
74, 810
76, 799
78, 800
80, 817
82, 800
84, 798
86, 809
88, 802
90, 814
92, 803
94, 799
96, 800
98, 813
100, 801
102, 798
104, 818
106, 798
108, 814
110, 794
112, 816
114, 799
116, 804
118, 814
120, 813
122, 800
124, 812
126, 802
128, 806
130, 817
132, 799
134, 813
136, 801
138, 814
140, 806
142, 801
144, 809
146, 822
148, 805
150, 1181
152, 885
154, 821
156, 810
158, 853
160, 870
162, 872
164, 852
166, 895
168, 828
170, 807
172, 810
174, 938
176, 850
178, 802
180, 812
182, 809
184, 809
186, 808
188, 821
190, 807
192, 819
194, 817
196, 800
198, 817
200, 810
202, 806
204, 801
206, 802
208, 814
210, 810
212, 801
214, 807
216, 805
218, 811
220, 818
222, 806
224, 807
226, 810
228, 802
230, 816
232, 817
234, 817
236, 797
238, 802
240, 813
242, 800
244, 817
246, 801
248, 817
250, 805
252, 814
254, 798
256, 817
258, 797
260, 821
262, 799
264, 815
266, 802
268, 809
270, 820
272, 802
274, 815
276, 801
278, 814
280, 803
282, 810
284, 798
286, 816
288, 807
290, 810
292, 906
294, 886
296, 850
298, 890
300, 877
Array size is 5400000
2, 3666
4, 990
6, 1006
8, 987
10, 990
12, 996
14, 985
16, 990
18, 990
20, 997
22, 993
24, 990
26, 1011
28, 989
30, 988
32, 1002
34, 983
36, 1004
38, 995
40, 991
42, 974
44, 1004
46, 988
48, 986
50, 988
52, 992
54, 984
56, 990
58, 990
60, 1001
62, 986
64, 999
66, 989
68, 988
70, 1002
72, 972
74, 991
76, 987
78, 988
80, 1002
82, 988
84, 985
86, 988
88, 989
90, 1001
92, 987
94, 990
96, 985
98, 989
100, 998
102, 991
104, 991
106, 986
108, 991
110, 1020
112, 987
114, 994
116, 994
118, 988
120, 986
122, 1001
124, 992
126, 1000
128, 990
130, 987
132, 984
134, 989
136, 986
138, 993
140, 988
142, 989
144, 984
146, 978
148, 1001
150, 992
152, 985
154, 1002
156, 987
158, 976
160, 1001
162, 1002
164, 990
166, 990
168, 988
170, 1000
172, 973
174, 1001
176, 988
178, 987
180, 973
182, 998
184, 985
186, 988
188, 986
190, 988
192, 984
194, 988
196, 982
198, 989
200, 985
202, 989
204, 989
206, 990
208, 986
210, 988
212, 1001
214, 985
216, 980
218, 1004
220, 982
222, 989
224, 991
226, 982
228, 1001
230, 975
232, 998
234, 991
236, 989
238, 990
240, 990
242, 1003
244, 996
246, 989
248, 987
250, 990
252, 985
254, 994
256, 981
258, 1005
260, 989
262, 988
264, 1002
266, 975
268, 988
270, 991
272, 989
274, 989
276, 987
278, 985
280, 991
282, 1002
284, 993
286, 989
288, 983
290, 991
292, 1001
294, 990
296, 992
298, 992
300, 989
Array size is 6000000
2, 4027
4, 1081
6, 1084
8, 1067
10, 1080
12, 1076
14, 1067
16, 1081
18, 1083
20, 1077
22, 1082
24, 1068
26, 1077
28, 1082
30, 1081
32, 1066
34, 1081
36, 1080
38, 1073
40, 1080
42, 1071
44, 1079
46, 1081
48, 1075
50, 1094
52, 1274
54, 1126
56, 1082
58, 1091
60, 1068
62, 1079
64, 1079
66, 1092
68, 1080
70, 1074
72, 1082
74, 1067
76, 1078
78, 1086
80, 1069
82, 1079
84, 1077
86, 1070
88, 1085
90, 1085
92, 1070
94, 1080
96, 1086
98, 1084
100, 1080
102, 1077
104, 1069
106, 1072
108, 1084
110, 1068
112, 1083
114, 1068
116, 1085
118, 1068
120, 1066
122, 1078
124, 1081
126, 1084
128, 1082
130, 1067
132, 1078
134, 1080
136, 1067
138, 1083
140, 1079
142, 1075
144, 1080
146, 1080
148, 1083
150, 1069
152, 1088
154, 1086
156, 1071
158, 1068
160, 1078
162, 1097
164, 1196
166, 1087
168, 1068
170, 1086
172, 1081
174, 1072
176, 1083
178, 1069
180, 1083
182, 1088
184, 1076
186, 1085
188, 1072
190, 1066
192, 1097
194, 1080
196, 1086
198, 1069
200, 1085
202, 1080
204, 1083
206, 1067
208, 1084
210, 1068
212, 1102
214, 1083
216, 1084
218, 1082
220, 1068
222, 1087
224, 1066
226, 1083
228, 1082
230, 1077
232, 1081
234, 1082
236, 1080
238, 1067
240, 1075
242, 1085
244, 1069
246, 1083
248, 1066
250, 1071
252, 1083
254, 1082
256, 1081
258, 1076
260, 1066
262, 1084
264, 1078
266, 1067
268, 1091
270, 1081
272, 1085
274, 1067
276, 1083
278, 1066
280, 1086
282, 1077
284, 1066
286, 1079
288, 1077
290, 1082
292, 1079
294, 1078
296, 1078
298, 1080
300, 1069
Array size is 6600000
2, 4488
4, 1203
6, 1210
8, 1211
10, 1215
12, 1222
14, 1208
16, 1204
18, 1207
20, 1222
22, 1202
24, 1210
26, 1208
28, 1207
30, 1205
32, 1214
34, 1206
36, 1207
38, 1207
40, 1216
42, 1213
44, 1212
46, 1207
48, 1216
50, 1209
52, 1202
54, 1212
56, 1208
58, 1208
60, 1225
62, 1211
64, 1210
66, 1207
68, 1207
70, 1202
72, 1213
74, 1215
76, 1218
78, 1204
80, 1211
82, 1209
84, 1202
86, 1212
88, 1215
90, 1205
92, 1211
94, 1218
96, 1205
98, 1192
100, 1222
102, 1193
104, 1238
106, 1209
108, 1203
110, 1219
112, 1212
114, 1199
116, 1225
118, 1203
120, 1208
122, 1206
124, 1210
126, 1199
128, 1219
130, 1205
132, 1209
134, 1207
136, 1204
138, 1224
140, 1206
142, 1204
144, 1223
146, 1208
148, 1209
150, 1204
152, 1214
154, 1195
156, 1209
158, 1214
160, 1208
162, 1203
164, 1205
166, 1210
168, 1207
170, 1201
172, 1226
174, 1278
176, 1219
178, 1209
180, 1193
182, 1222
184, 1207
186, 1203
188, 1223
190, 1207
192, 1208
194, 1213
196, 1206
198, 1211
200, 1205
202, 1219
204, 1191
206, 1212
208, 1221
210, 1198
212, 1222
214, 1212
216, 1200
218, 1207
220, 1212
222, 1223
224, 1204
226, 1205
228, 1216
230, 1207
232, 1195
234, 1208
236, 1215
238, 1208
240, 1208
242, 1206
244, 1205
246, 1211
248, 1210
250, 1209
252, 1212
254, 1204
256, 1223
258, 1208
260, 1213
262, 1198
264, 1209
266, 1223
268, 1194
270, 1204
272, 1223
274, 1194
276, 1208
278, 1204
280, 1221
282, 1209
284, 1193
286, 1217
288, 1207
290, 1213
292, 1206
294, 1219
296, 1207
298, 1223
300, 1202
Array size is 7200000
2, 4929
4, 1350
6, 1352
8, 1360
10, 1341
12, 1365
14, 1347
16, 1348
18, 1364
20, 1341
22, 1354
24, 1351
26, 1351
28, 1348
30, 1346
32, 1364
34, 1347
36, 1360
38, 1356
40, 1349
42, 1347
44, 1359
46, 1364
48, 1354
50, 1350
52, 1349
54, 1344
56, 1362
58, 1355
60, 1380
62, 1418
64, 1376
66, 1340
68, 1381
70, 1362
72, 1353
74, 1365
76, 1344
78, 1364
80, 1336
82, 1344
84, 1356
86, 1339
88, 1355
90, 1349
92, 1354
94, 1362
96, 1349
98, 1350
100, 1355
102, 1415
104, 1358
106, 1343
108, 1351
110, 1364
112, 1355
114, 1352
116, 1350
118, 1350
120, 1355
122, 1351
124, 1348
126, 1359
128, 1352
130, 1345
132, 1372
134, 1346
136, 1362
138, 1355
140, 1350
142, 1350
144, 1351
146, 1368
148, 1352
150, 1332
152, 1353
154, 1349
156, 1364
158, 1357
160, 1335
162, 1351
164, 1360
166, 1357
168, 1357
170, 1347
172, 1366
174, 1353
176, 1338
178, 1369
180, 1352
182, 1353
184, 1351
186, 1346
188, 1350
190, 1360
192, 1351
194, 1356
196, 1345
198, 1351
200, 1348
202, 1345
204, 1354
206, 1349
208, 1349
210, 1359
212, 1348
214, 1347
216, 1347
218, 1358
220, 1352
222, 1350
224, 1368
226, 1354
228, 1349
230, 1349
232, 1344
234, 1354
236, 1365
238, 1350
240, 1347
242, 1345
244, 1350
246, 1366
248, 1350
250, 1367
252, 1354
254, 1349
256, 1363
258, 1349
260, 1350
262, 1382
264, 1355
266, 1353
268, 1346
270, 1358
272, 1354
274, 1349
276, 1351
278, 1354
280, 1363
282, 1350
284, 1349
286, 1343
288, 1352
290, 1347
292, 1360
294, 1351
296, 1354
298, 1350
300, 1362
Array size is 7800000
2, 5332
4, 1434
6, 1426
8, 1437
10, 1425
12, 1439
14, 1432
16, 1430
18, 1429
20, 1421
22, 1442
24, 1427
26, 1428
28, 1444
30, 1439
32, 1438
34, 1441
36, 1439
38, 1420
40, 1430
42, 1426
44, 1427
46, 1442
48, 1426
50, 1430
52, 1428
54, 1440
56, 1430
58, 1424
60, 1434
62, 1423
64, 1442
66, 1426
68, 1431
70, 1410
72, 1441
74, 1430
76, 1441
78, 1425
80, 1433
82, 1415
84, 1436
86, 1428
88, 1443
90, 1416
92, 1437
94, 1427
96, 1427
98, 1439
100, 1429
102, 1428
104, 1437
106, 1423
108, 1430
110, 1441
112, 1428
114, 1439
116, 1430
118, 1441
120, 1438
122, 1435
124, 1429
126, 1439
128, 1420
130, 1425
132, 1448
134, 1416
136, 1432
138, 1444
140, 1425
142, 1437
144, 1431
146, 1426
148, 1425
150, 1434
152, 1427
154, 1431
156, 1416
158, 1444
160, 1421
162, 1435
164, 1448
166, 1423
168, 1414
170, 1439
172, 1444
174, 1432
176, 1426
178, 1437
180, 1440
182, 1427
184, 1431
186, 1428
188, 1440
190, 1420
192, 1443
194, 1425
196, 1426
198, 1456
200, 1457
202, 1433
204, 1425
206, 1425
208, 1442
210, 1425
212, 1440
214, 1438
216, 1433
218, 1435
220, 1430
222, 1428
224, 1426
226, 1430
228, 1440
230, 1425
232, 1423
234, 1424
236, 1441
238, 1425
240, 1423
242, 1443
244, 1431
246, 1432
248, 1427
250, 1439
252, 1426
254, 1439
256, 1430
258, 1430
260, 1436
262, 1428
264, 1443
266, 1416
268, 1444
270, 1429
272, 1438
274, 1428
276, 1424
278, 1429
280, 1425
282, 1428
284, 1431
286, 1431
288, 1432
290, 1441
292, 1428
294, 1428
296, 1431
298, 1434
300, 1457
Array size is 8400000
2, 5847
4, 1647
6, 1631
8, 1638
10, 1641
12, 1631
14, 1641
16, 1630
18, 1634
20, 1646
22, 1628
24, 1647
26, 1633
28, 1628
30, 1638
32, 1632
34, 1658
36, 1632
38, 1631
40, 1640
42, 1633
44, 1639
46, 1638
48, 1627
50, 1638
52, 1635
54, 1631
56, 1633
58, 1639
60, 1640
62, 1646
64, 1640
66, 1623
68, 1650
70, 1628
72, 1648
74, 1646
76, 1629
78, 1644
80, 1632
82, 1639
84, 1631
86, 1632
88, 1640
90, 1634
92, 1617
94, 1650
96, 1630
98, 1631
100, 1635
102, 1645
104, 1631
106, 1631
108, 1635
110, 1624
112, 1634
114, 1641
116, 1649
118, 1630
120, 1636
122, 1646
124, 1637
126, 1631
128, 1630
130, 1643
132, 1636
134, 1634
136, 1635
138, 1640
140, 1666
142, 1632
144, 1644
146, 1633
148, 1645
150, 1618
152, 1645
154, 1632
156, 1623
158, 1636
160, 1631
162, 1644
164, 1630
166, 1632
168, 1632
170, 1632
172, 1630
174, 1630
176, 1637
178, 1629
180, 1642
182, 1630
184, 1639
186, 1631
188, 1639
190, 1616
192, 1644
194, 1632
196, 1633
198, 1647
200, 1626
202, 1646
204, 1629
206, 1625
208, 1646
210, 1635
212, 1628
214, 1645
216, 1640
218, 1631
220, 1629
222, 1641
224, 1622
226, 1629
228, 1628
230, 1649
232, 1634
234, 1621
236, 1636
238, 1634
240, 1631
242, 1648
244, 1635
246, 1631
248, 1664
250, 1659
252, 1635
254, 1641
256, 1617
258, 1653
260, 1631
262, 1617
264, 1640
266, 1646
268, 1649
270, 1617
272, 1644
274, 1630
276, 1634
278, 1639
280, 1635
282, 1638
284, 1655
286, 1663
288, 1652
290, 1634
292, 1641
294, 1655
296, 1617
298, 1644
300, 1629
Array size is 9000000
2, 6265
4, 1675
6, 1662
8, 1719
10, 1673
12, 1660
14, 1678
16, 1661
18, 1668
20, 1676
22, 1660
24, 1678
26, 1660
28, 1661
30, 1679
32, 1656
34, 1682
36, 1662
38, 1655
40, 1680
42, 1684
44, 1668
46, 1684
48, 1680
50, 1693
52, 1663
54, 1679
56, 1664
58, 1664
60, 1687
62, 1689
64, 1681
66, 1666
68, 1680
70, 1665
72, 1663
74, 1674
76, 1676
78, 1668
80, 1671
82, 1678
84, 1673
86, 1662
88, 1676
90, 1683
92, 1667
94, 1670
96, 1652
98, 1679
100, 1662
102, 1668
104, 1671
106, 1680
108, 1667
110, 1661
112, 1661
114, 1678
116, 1702
118, 1676
120, 1665
122, 1675
124, 1666
126, 1683
128, 1654
130, 1680
132, 1669
134, 1663
136, 1676
138, 1666
140, 1679
142, 1663
144, 1677
146, 1667
148, 1678
150, 1666
152, 1658
154, 1677
156, 1766
158, 1709
160, 1737
162, 1672
164, 1675
166, 1676
168, 1676
170, 1687
172, 1670
174, 1678
176, 1669
178, 1677
180, 1662
182, 1685
184, 1670
186, 1663
188, 1663
190, 1667
192, 1672
194, 1682
196, 1907
198, 1798
200, 1716
202, 1701
204, 1678
206, 1666
208, 1685
210, 1678
212, 1682
214, 1678
216, 1682
218, 1717
220, 1750
222, 1674
224, 1688
226, 1662
228, 1692
230, 1660
232, 1675
234, 1678
236, 1686
238, 1674
240, 1675
242, 1670
244, 1672
246, 1663
248, 1681
250, 1667
252, 1680
254, 1667
256, 1662
258, 1677
260, 1675
262, 1681
264, 1667
266, 1665
268, 1675
270, 1678
272, 1664
274, 1682
276, 1666
278, 1671
280, 1677
282, 1666
284, 1672
286, 1660
288, 1689
290, 1673
292, 1647
294, 1677
296, 1676
298, 1660
300, 1674
Array size is 9600000
2, 6762
4, 1908
6, 1884
8, 1898
10, 1899
12, 1893
14, 1883
16, 1899
18, 1887
20, 1897
22, 1898
24, 1894
26, 1885
28, 1892
30, 1898
32, 1886
34, 1903
36, 1887
38, 1900
40, 1877
42, 1899
44, 1890
46, 1913
48, 1878
50, 1897
52, 1896
54, 1891
56, 1900
58, 1897
60, 1894
62, 1885
64, 1893
66, 1900
68, 2075
70, 1894
72, 1888
74, 1905
76, 1882
78, 1891
80, 1908
82, 1896
84, 1893
86, 1897
88, 1901
90, 1893
92, 1896
94, 1897
96, 1895
98, 1898
100, 1882
102, 1897
104, 1896
106, 1899
108, 1885
110, 1902
112, 1970
114, 1949
116, 1908
118, 1883
120, 1898
122, 1894
124, 1898
126, 1899
128, 1898
130, 1881
132, 1879
134, 1900
136, 1902
138, 1898
140, 1896
142, 1876
144, 1902
146, 1884
148, 1904
150, 1915
152, 1893
154, 1888
156, 1902
158, 2027
160, 2237
162, 1953
164, 2094
166, 2044
168, 2051
170, 2032
172, 1920
174, 1896
176, 1889
178, 1902
180, 1888
182, 1899
184, 1893
186, 1897
188, 1900
190, 1881
192, 1894
194, 1889
196, 1899
198, 1900
200, 1882
202, 1897
204, 1895
206, 1905
208, 1897
210, 1891
212, 1904
214, 1887
216, 1896
218, 1885
220, 1901
222, 1891
224, 1884
226, 1908
228, 1899
230, 1898
232, 1884
234, 1884
236, 1900
238, 1889
240, 1885
242, 1907
244, 1899
246, 1896
248, 1889
250, 1898
252, 1900
254, 1906
256, 1898
258, 1894
260, 1896
262, 1896
264, 1893
266, 1894
268, 1898
270, 1905
272, 1885
274, 1909
276, 1880
278, 1902
280, 1895
282, 1900
284, 1881
286, 1889
288, 1884
290, 1882
292, 1903
294, 1896
296, 1882
298, 1895
300, 1901
Array size is 10200000
2, 7179
4, 1973
6, 1949
8, 1965
10, 1945
12, 1953
14, 1951
16, 1951
18, 1962
20, 1945
22, 1957
24, 1951
26, 1963
28, 1944
30, 1951
32, 1962
34, 1958
36, 1944
38, 1953
40, 1960
42, 1964
44, 1953
46, 1961
48, 1962
50, 1953
52, 1947
54, 1962
56, 1964
58, 1950
60, 2114
62, 1945
64, 1960
66, 1963
68, 1945
70, 1953
72, 1953
74, 1960
76, 1937
78, 1962
80, 1975
82, 1948
84, 1960
86, 1959
88, 1943
90, 1950
92, 1955
94, 1965
96, 1942
98, 1969
100, 1952
102, 1961
104, 1949
106, 1961
108, 1948
110, 1947
112, 1954
114, 1964
116, 1953
118, 1950
120, 1950
122, 1953
124, 1962
126, 1963
128, 1945
130, 1946
132, 1962
134, 1933
136, 1956
138, 1948
140, 1965
142, 1943
144, 1959
146, 1963
148, 1939
150, 1945
152, 1959
154, 1949
156, 1992
158, 1959
160, 1945
162, 1958
164, 1956
166, 1957
168, 2011
170, 2081
172, 2006
174, 1951
176, 1960
178, 1972
180, 1954
182, 1969
184, 1955
186, 1945
188, 1974
190, 1955
192, 1953
194, 1939
196, 1958
198, 1964
200, 1964
202, 1970
204, 1939
206, 1970
208, 1947
210, 1950
212, 1963
214, 1958
216, 1947
218, 1969
220, 1950
222, 1953
224, 1956
226, 1957
228, 1958
230, 1945
232, 1962
234, 1947
236, 1959
238, 1968
240, 1961
242, 1955
244, 1946
246, 1951
248, 1958
250, 1959
252, 1946
254, 1963
256, 1954
258, 1966
260, 1947
262, 1954
264, 1946
266, 1960
268, 1950
270, 1958
272, 1950
274, 1946
276, 1958
278, 1947
280, 1963
282, 1956
284, 1938
286, 1964
288, 1949
290, 1962
292, 1949
294, 1955
296, 1961
298, 1940
300, 1961
Array size is 10800000
2, 7631
4, 2247
6, 2223
8, 2236
10, 2246
12, 2246
14, 2225
16, 2256
18, 2229
20, 2236
22, 2244
24, 2226
26, 2240
28, 2228
30, 2250
32, 2249
34, 2236
36, 2256
38, 2242
40, 2248
42, 2230
44, 2254
46, 2225
48, 2244
50, 2223
52, 2250
54, 2241
56, 2228
58, 2244
60, 2227
62, 2226
64, 2218
66, 2302
68, 2246
70, 2236
72, 2241
74, 2232
76, 2228
78, 2222
80, 2245
82, 2233
84, 2246
86, 2249
88, 2236
90, 2237
92, 2244
94, 2237
96, 2257
98, 2318
100, 2242
102, 2229
104, 2235
106, 2251
108, 2227
110, 2255
112, 2234
114, 2247
116, 2229
118, 2242
120, 2227
122, 2239
124, 2238
126, 2213
128, 2237
130, 2256
132, 2343
134, 2346
136, 2254
138, 2234
140, 2252
142, 2254
144, 2237
146, 2239
148, 2246
150, 2222
152, 2251
154, 2242
156, 2241
158, 2226
160, 2240
162, 2241
164, 2252
166, 2231
168, 2245
170, 2244
172, 2239
174, 2241
176, 2255
178, 2235
180, 2240
182, 2252
184, 2227
186, 2237
188, 2229
190, 2229
192, 2247
194, 2245
196, 2221
198, 2250
200, 2236
202, 2233
204, 2243
206, 2239
208, 2228
210, 2237
212, 2240
214, 2234
216, 2234
218, 2253
220, 2231
222, 2253
224, 2247
226, 2231
228, 2244
230, 2244
232, 2233
234, 2231
236, 2232
238, 2245
240, 2232
242, 2234
244, 2257
246, 2247
248, 2224
250, 2239
252, 2229
254, 2229
256, 2227
258, 2244
260, 2239
262, 2238
264, 2234
266, 2217
268, 2233
270, 2236
272, 2242
274, 2258
276, 2226
278, 2243
280, 2232
282, 2230
284, 2246
286, 2228
288, 2230
290, 2243
292, 2223
294, 2246
296, 2228
298, 2243
300, 2242
Array size is 11400000
2, 8114
4, 2265
6, 2271
8, 2262
10, 2262
12, 2275
14, 2269
16, 2259
18, 2276
20, 2269
22, 2262
24, 2253
26, 2269
28, 2344
30, 2276
32, 2271
34, 2269
36, 2270
38, 2270
40, 2268
42, 2267
44, 2256
46, 2274
48, 2258
50, 2287
52, 2251
54, 2254
56, 2267
58, 2262
60, 2263
62, 2266
64, 2261
66, 2267
68, 2260
70, 2250
72, 2262
74, 2277
76, 2275
78, 2255
80, 2251
82, 2272
84, 2253
86, 2273
88, 2258
90, 2260
92, 2259
94, 2266
96, 2285
98, 2280
100, 2258
102, 2276
104, 2257
106, 2280
108, 2271
110, 2253
112, 2276
114, 2269
116, 2261
118, 2258
120, 2257
122, 2255
124, 2278
126, 2267
128, 2267
130, 2278
132, 2260
134, 2287
136, 2258
138, 2268
140, 2262
142, 2281
144, 2261
146, 2265
148, 2282
150, 2259
152, 2282
154, 2274
156, 2261
158, 2264
160, 2256
162, 2265
164, 2248
166, 2259
168, 2252
170, 2267
172, 2280
174, 2259
176, 2256
178, 2266
180, 2290
182, 2249
184, 2260
186, 2275
188, 2263
190, 2264
192, 2267
194, 2270
196, 2264
198, 2279
200, 2270
202, 2259
204, 2284
206, 2274
208, 2277
210, 2274
212, 2258
214, 2270
216, 2261
218, 2259
220, 2262
222, 2281
224, 2271
226, 2273
228, 2243
230, 2265
232, 2274
234, 2264
236, 2277
238, 2267
240, 2273
242, 2255
244, 2282
246, 2262
248, 2274
250, 2257
252, 2278
254, 2283
256, 2263
258, 2253
260, 2261
262, 2273
264, 2266
266, 2262
268, 2266
270, 2291
272, 2269
274, 2269
276, 2304
278, 2260
280, 2298
282, 2276
284, 2256
286, 2271
288, 2260
290, 2273
292, 2274
294, 2273
296, 2273
298, 2297
300, 2257
Array size is 12000000
2, 8551
4, 2423
6, 2409
8, 2416
10, 2407
12, 2408
14, 2411
16, 2410
18, 2411
20, 2415
22, 2428
24, 2409
26, 2398
28, 2459
30, 2421
32, 2417
34, 2424
36, 2404
38, 2414
40, 2413
42, 2404
44, 2409
46, 2410
48, 2418
50, 2435
52, 2433
54, 2421
56, 2416
58, 2427
60, 2400
62, 2426
64, 2406
66, 2409
68, 2403
70, 2413
72, 2415
74, 2419
76, 2415
78, 2427
80, 2408
82, 2415
84, 2398
86, 2416
88, 2413
90, 2414
92, 2424
94, 2414
96, 2409
98, 2431
100, 2400
102, 2433
104, 2409
106, 2421
108, 2409
110, 2424
112, 2416
114, 2407
116, 2427
118, 2401
120, 2434
122, 2414
124, 2400
126, 2412
128, 2412
130, 2415
132, 2417
134, 2417
136, 2398
138, 2422
140, 2407
142, 2419
144, 2425
146, 2415
148, 2407
150, 2415
152, 2403
154, 2427
156, 2420
158, 2404
160, 2423
162, 2400
164, 2419
166, 2418
168, 2422
170, 2419
172, 2398
174, 2431
176, 2472
178, 2447
180, 2547
182, 2682
184, 2414
186, 2422
188, 2414
190, 2413
192, 2436
194, 2429
196, 2410
198, 2412
200, 2415
202, 2441
204, 2417
206, 2547
208, 2417
210, 2423
212, 2419
214, 2416
216, 2430
218, 2416
220, 2416
222, 2449
224, 2415
226, 2413
228, 2419
230, 2419
232, 2418
234, 2411
236, 2430
238, 2423
240, 2417
242, 2413
244, 2422
246, 2422
248, 2425
250, 2421
252, 2421
254, 2412
256, 2408
258, 2428
260, 2405
262, 2431
264, 2404
266, 2412
268, 2434
270, 2416
272, 2411
274, 2415
276, 2401
278, 2424
280, 2407
282, 2417
284, 2428
286, 2412
288, 2441
290, 2421
292, 2441
294, 2412
296, 2406
298, 2450
300, 2413